num_ebikes_available,is_returning,num_scooters_available,is_installed,num_bikes_available,num_scooters_unavailable,num_docks_disabled,is_renting,station_id,num_bikes_disabled,num_docks_available,timestamp,n_classic,n_electric,n_scooters
4,1,0.0,1,4,0.0,3,1,1975534406854476324,0,9,08/05/2024 12:07 AM,0,4,0
6,1,0.0,1,7,0.0,0,1,1942118582722085548,5,3,08/05/2024 12:07 AM,1,6,0
0,1,0.0,1,3,0.0,0,1,1936553212713581016,0,12,08/05/2024 12:08 AM,3,0,0
0,1,1.0,1,5,1.0,0,1,1966307477149012058,1,3,08/05/2024 12:08 AM,5,0,0
0,1,0.0,1,2,0.0,0,1,a3a497b6-a135-11e9-9cda-0a87ae2ba916,1,16,08/05/2024 12:08 AM,2,0,0
0,1,0.0,1,5,0.0,0,1,da9e6779-5056-4d45-bae3-9dc325ed2807,2,4,08/05/2024 12:08 AM,5,0,0
0,1,0.0,1,0,0.0,0,1,a3a795d7-a135-11e9-9cda-0a87ae2ba916,3,16,08/05/2024 12:08 AM,0,0,0
7,1,1.0,1,17,0.0,0,1,a3a62566-a135-11e9-9cda-0a87ae2ba916,1,0,08/05/2024 12:08 AM,10,7,1
3,1,0.0,1,12,0.0,0,1,a3a62aad-a135-11e9-9cda-0a87ae2ba916,0,7,08/05/2024 12:08 AM,9,3,0
0,1,0.0,1,4,0.0,0,1,1943245395846580390,1,10,08/05/2024 12:08 AM,4,0,0
0,1,0.0,1,5,0.0,0,1,1850866657089146912,2,12,08/05/2024 12:08 AM,5,0,0
2,1,0.0,1,10,0.0,0,1,f0f9f5dc-3d3f-4a32-aa3e-b87566e44de9,1,4,08/05/2024 12:08 AM,8,2,0
2,1,0.0,1,15,0.0,0,1,a3aaa68b-a135-11e9-9cda-0a87ae2ba916,2,2,08/05/2024 12:08 AM,13,2,0
1,1,1.0,1,11,0.0,0,1,a3a5d3bb-a135-11e9-9cda-0a87ae2ba916,1,2,08/05/2024 12:08 AM,10,1,1
0,1,1.0,1,1,0.0,0,1,a3a4ac3f-a135-11e9-9cda-0a87ae2ba916,2,22,08/05/2024 12:08 AM,1,0,0
1,1,6.0,1,5,0.0,0,1,1890605196211329420,3,1,08/05/2024 12:08 AM,4,1,0
1,1,0.0,1,3,0.0,0,1,a3b11480-a135-11e9-9cda-0a87ae2ba916,0,8,08/05/2024 12:08 AM,2,1,0
3,1,0.0,1,8,0.0,0,1,a3b01a86-a135-11e9-9cda-0a87ae2ba916,2,5,08/05/2024 12:08 AM,5,3,0
0,1,0.0,1,3,0.0,0,1,a3ad7636-a135-11e9-9cda-0a87ae2ba916,0,8,08/05/2024 12:08 AM,3,0,0
0,1,0.0,1,6,0.0,0,1,a3a41004-a135-11e9-9cda-0a87ae2ba916,1,8,08/05/2024 12:08 AM,6,0,0
1,1,1.0,1,1,0.0,0,1,a3ac3b03-a135-11e9-9cda-0a87ae2ba916,2,11,08/05/2024 12:08 AM,0,1,0
0,1,0.0,1,1,0.0,0,1,a3a965b2-a135-11e9-9cda-0a87ae2ba916,0,14,08/05/2024 12:08 AM,1,0,0
0,1,1.0,1,7,0.0,0,1,a3afd7ab-a135-11e9-9cda-0a87ae2ba916,3,3,08/05/2024 12:08 AM,7,0,0
0,1,0.0,1,6,0.0,0,1,a3a96aca-a135-11e9-9cda-0a87ae2ba916,0,5,08/05/2024 12:08 AM,6,0,0
5,1,0.0,1,11,0.0,0,1,a3b00b3a-a135-11e9-9cda-0a87ae2ba916,1,3,08/05/2024 12:08 AM,6,5,0
0,1,0.0,1,1,0.0,0,1,a3a565b1-a135-11e9-9cda-0a87ae2ba916,2,15,08/05/2024 12:09 AM,1,0,0
3,1,1.0,1,18,0.0,0,1,a3a8804b-a135-11e9-9cda-0a87ae2ba916,0,0,08/05/2024 12:09 AM,15,3,0
0,1,0.0,1,2,0.0,0,1,a3b20960-a135-11e9-9cda-0a87ae2ba916,0,5,08/05/2024 12:09 AM,2,0,0
2,1,0.0,1,3,0.0,0,1,759171ce-f355-4740-948d-e14bb8f7dc0e,0,12,08/05/2024 12:09 AM,1,2,0
0,1,0.0,1,3,0.0,0,1,1963671811736140038,0,12,08/05/2024 12:08 AM,3,0,0
6,1,0.0,1,16,0.0,0,1,a3a859c4-a135-11e9-9cda-0a87ae2ba916,2,1,08/05/2024 12:09 AM,10,6,0
3,1,0.0,1,3,0.0,0,1,a3b222fc-a135-11e9-9cda-0a87ae2ba916,0,8,08/05/2024 12:09 AM,0,3,0
0,1,0.0,1,1,0.0,0,1,a3af2c5f-a135-11e9-9cda-0a87ae2ba916,0,18,08/05/2024 12:08 AM,1,0,0
0,1,0.0,1,9,0.0,0,1,792ceba0-564f-4a2c-bcb5-90da781ffeef,0,6,08/05/2024 12:09 AM,9,0,0
0,1,1.0,1,4,0.0,0,1,a3af8123-a135-11e9-9cda-0a87ae2ba916,1,9,08/05/2024 12:09 AM,4,0,0
0,1,0.0,1,3,1.0,0,1,a3a614ad-a135-11e9-9cda-0a87ae2ba916,2,24,08/05/2024 12:09 AM,3,0,0
0,1,1.0,1,4,0.0,0,1,a3b47cbc-a135-11e9-9cda-0a87ae2ba916,0,10,08/05/2024 12:09 AM,4,0,1
0,1,0.0,1,9,0.0,0,1,1969236968943731106,1,5,08/05/2024 12:09 AM,9,0,0
1,1,0.0,1,1,0.0,0,1,a3a8999a-a135-11e9-9cda-0a87ae2ba916,3,27,08/05/2024 12:09 AM,0,1,0
0,1,0.0,1,4,0.0,0,1,1931696364106218226,3,8,08/05/2024 12:09 AM,4,0,0
0,1,0.0,1,4,0.0,0,1,a3a3a282-a135-11e9-9cda-0a87ae2ba916,2,29,08/05/2024 12:09 AM,4,0,0
4,1,1.0,1,16,0.0,0,1,a3ae87fa-a135-11e9-9cda-0a87ae2ba916,2,4,08/05/2024 12:09 AM,12,4,0
1,1,0.0,1,2,0.0,0,1,a3a82c6c-a135-11e9-9cda-0a87ae2ba916,7,14,08/05/2024 12:09 AM,1,1,0
1,1,4.0,1,1,0.0,0,1,a3a97a01-a135-11e9-9cda-0a87ae2ba916,0,10,08/05/2024 12:09 AM,0,1,4
3,1,0.0,1,6,0.0,0,1,a3b2c87c-a135-11e9-9cda-0a87ae2ba916,2,7,08/05/2024 12:09 AM,3,3,0
3,1,5.0,1,10,0.0,0,1,a3a80512-a135-11e9-9cda-0a87ae2ba916,1,3,08/05/2024 12:09 AM,7,3,5
0,1,0.0,1,6,0.0,0,1,a3af9a83-a135-11e9-9cda-0a87ae2ba916,2,7,08/05/2024 12:09 AM,6,0,0
0,1,0.0,1,3,0.0,0,1,1850868044363584392,2,10,08/05/2024 12:09 AM,3,0,0
0,1,1.0,1,2,0.0,0,1,a3a5700b-a135-11e9-9cda-0a87ae2ba916,3,21,08/05/2024 12:09 AM,2,0,1
4,1,2.0,1,8,0.0,0,1,a3a72012-a135-11e9-9cda-0a87ae2ba916,1,0,08/05/2024 12:09 AM,4,4,2
4,1,1.0,1,7,0.0,0,1,a3b13836-a135-11e9-9cda-0a87ae2ba916,1,3,08/05/2024 12:09 AM,3,4,0
0,1,1.0,1,4,1.0,0,1,a3ac30c5-a135-11e9-9cda-0a87ae2ba916,0,9,08/05/2024 12:09 AM,4,0,0
7,1,0.0,1,11,0.0,0,1,a3a3b731-a135-11e9-9cda-0a87ae2ba916,0,12,08/05/2024 12:09 AM,4,7,0
4,1,0.0,1,6,0.0,0,1,1929967657204564894,5,4,08/05/2024 12:09 AM,2,4,0
5,1,2.0,1,5,0.0,0,1,a3a7f0ba-a135-11e9-9cda-0a87ae2ba916,0,8,08/05/2024 12:09 AM,0,5,2
0,1,0.0,1,0,0.0,0,1,1862806445904101456,4,35,08/05/2024 12:09 AM,0,0,0
1,1,0.0,1,4,0.0,0,1,a3a5a9d0-a135-11e9-9cda-0a87ae2ba916,2,13,08/05/2024 12:09 AM,3,1,0
0,1,0.0,1,2,0.0,0,1,a3a528d0-a135-11e9-9cda-0a87ae2ba916,5,4,08/05/2024 12:09 AM,2,0,0
0,1,0.0,1,17,0.0,0,1,a3a99d47-a135-11e9-9cda-0a87ae2ba916,3,3,08/05/2024 12:09 AM,17,0,0
1,1,1.0,1,4,0.0,0,1,1799277526470631980,2,8,08/05/2024 12:09 AM,3,1,0
0,1,1.0,1,9,0.0,0,1,a3a3f0c6-a135-11e9-9cda-0a87ae2ba916,1,4,08/05/2024 12:09 AM,9,0,1
2,1,0.0,1,6,0.0,0,1,a3b1c47b-a135-11e9-9cda-0a87ae2ba916,1,4,08/05/2024 12:09 AM,4,2,0
1,0,0.0,1,1,0.0,10,0,a3ac35ed-a135-11e9-9cda-0a87ae2ba916,0,0,08/05/2024 12:09 AM,0,0,0
0,1,1.0,1,3,2.0,0,1,430d5876-c44d-446e-ac53-065da9fb9c17,3,2,08/05/2024 12:09 AM,3,0,0
1,1,0.0,1,3,0.0,0,1,1963359453732131538,0,8,08/05/2024 12:09 AM,2,1,0
7,1,0.0,1,17,0.0,0,1,a3af52bc-a135-11e9-9cda-0a87ae2ba916,3,3,08/05/2024 12:09 AM,10,7,0
0,1,0.0,1,3,0.0,0,1,a3b3915a-a135-11e9-9cda-0a87ae2ba916,0,16,08/05/2024 12:09 AM,3,0,0
0,1,2.0,1,6,0.0,0,1,a3b3634c-a135-11e9-9cda-0a87ae2ba916,2,4,08/05/2024 12:09 AM,6,0,2
1,1,3.0,1,9,0.0,0,1,a3ac7e9a-a135-11e9-9cda-0a87ae2ba916,3,0,08/05/2024 12:09 AM,8,1,3
0,1,1.0,1,5,0.0,0,1,a3b13e66-a135-11e9-9cda-0a87ae2ba916,0,5,08/05/2024 12:09 AM,5,0,0
4,1,5.0,1,8,0.0,0,1,a3ac9d43-a135-11e9-9cda-0a87ae2ba916,2,8,08/05/2024 12:09 AM,4,4,0
0,1,0.0,1,2,0.0,0,1,1938034236347042306,11,2,08/05/2024 12:09 AM,2,0,0
0,1,0.0,1,1,0.0,0,1,a3b23785-a135-11e9-9cda-0a87ae2ba916,3,7,08/05/2024 12:09 AM,1,0,0
0,1,,1,0,,0,1,a3acdae2-a135-11e9-9cda-0a87ae2ba916,0,11,08/05/2024 12:09 AM,0,0,0
1,1,0.0,1,4,0.0,0,1,a3b2d7d9-a135-11e9-9cda-0a87ae2ba916,3,4,08/05/2024 12:09 AM,3,1,0
1,1,0.0,1,6,1.0,0,1,a3b481e1-a135-11e9-9cda-0a87ae2ba916,2,6,08/05/2024 12:09 AM,5,1,0
0,1,0.0,1,1,0.0,1,1,94788869-1849-43f6-99e1-2eacbc3fab03,1,17,08/05/2024 12:09 AM,1,0,0
0,1,0.0,1,4,0.0,0,1,a3a59ec3-a135-11e9-9cda-0a87ae2ba916,0,14,08/05/2024 12:09 AM,4,0,0
0,1,0.0,1,5,0.0,0,1,1955905507044284968,1,9,08/05/2024 12:09 AM,5,0,0
0,1,0.0,1,5,0.0,0,1,a3b2905a-a135-11e9-9cda-0a87ae2ba916,3,3,08/05/2024 12:09 AM,5,0,0
3,1,1.0,1,3,0.0,0,1,a3b4399a-a135-11e9-9cda-0a87ae2ba916,0,11,08/05/2024 12:09 AM,0,3,0
1,1,0.0,1,3,0.0,0,1,e63300bd-4ca3-4255-adfd-522289d68b8a,2,9,08/05/2024 12:09 AM,2,1,0
0,1,0.0,1,4,0.0,0,1,a3b148bf-a135-11e9-9cda-0a87ae2ba916,1,6,08/05/2024 12:09 AM,4,0,0
3,1,0.0,1,12,0.0,0,1,a3a5de24-a135-11e9-9cda-0a87ae2ba916,1,2,08/05/2024 12:09 AM,9,3,0
5,1,0.0,1,7,0.0,0,1,1929883678185797908,2,6,08/05/2024 12:09 AM,2,5,0
0,1,0.0,1,2,0.0,0,1,a3b23cb8-a135-11e9-9cda-0a87ae2ba916,2,7,08/05/2024 12:09 AM,2,0,0
0,1,0.0,1,11,0.0,0,1,a3a6c38e-a135-11e9-9cda-0a87ae2ba916,1,6,08/05/2024 12:09 AM,11,0,0
1,1,0.0,1,5,0.0,0,1,a3a854bf-a135-11e9-9cda-0a87ae2ba916,2,8,08/05/2024 12:09 AM,4,1,0
10,1,1.0,1,13,0.0,0,1,1934289944388426278,0,1,08/05/2024 12:09 AM,3,10,0
1,1,0.0,1,2,0.0,0,1,a3ab86b6-a135-11e9-9cda-0a87ae2ba916,0,21,08/05/2024 12:09 AM,1,1,0
8,1,0.0,1,9,0.0,0,1,a3aa8ca0-a135-11e9-9cda-0a87ae2ba916,2,4,08/05/2024 12:09 AM,1,8,0
2,1,0.0,1,5,0.0,0,1,1928792940289520096,0,10,08/05/2024 12:09 AM,3,2,0
3,1,1.0,1,12,0.0,0,1,a3a62fc9-a135-11e9-9cda-0a87ae2ba916,0,2,08/05/2024 12:09 AM,9,3,1
0,1,0.0,1,2,0.0,0,1,a3addda0-a135-11e9-9cda-0a87ae2ba916,0,9,08/05/2024 12:09 AM,2,0,0
1,1,1.0,1,5,0.0,0,1,a3b2d2b7-a135-11e9-9cda-0a87ae2ba916,1,4,08/05/2024 12:09 AM,4,1,0
0,1,0.0,1,7,0.0,0,1,a3aa0bb7-a135-11e9-9cda-0a87ae2ba916,0,8,08/05/2024 12:09 AM,7,0,0
1,1,2.0,1,4,0.0,0,1,a3a8855c-a135-11e9-9cda-0a87ae2ba916,2,17,08/05/2024 12:09 AM,3,1,0
0,1,0.0,1,5,0.0,0,1,1871992980799203880,0,10,08/05/2024 12:09 AM,5,0,0
5,1,0.0,1,10,0.0,0,1,1942117929887056608,4,1,08/05/2024 12:09 AM,5,5,0
0,1,2.0,1,1,1.0,0,1,a3a3e67b-a135-11e9-9cda-0a87ae2ba916,4,23,08/05/2024 12:09 AM,1,0,2
0,1,0.0,1,1,0.0,0,1,a3afb401-a135-11e9-9cda-0a87ae2ba916,2,12,08/05/2024 12:09 AM,1,0,0
0,1,0.0,1,2,0.0,0,1,1934289130932983934,0,13,08/05/2024 12:09 AM,2,0,0
2,1,1.0,1,6,0.0,0,1,a3b0fae6-a135-11e9-9cda-0a87ae2ba916,0,8,08/05/2024 12:09 AM,4,2,0
10,1,1.0,1,14,1.0,0,1,a3af460f-a135-11e9-9cda-0a87ae2ba916,1,2,08/05/2024 12:10 AM,4,10,0
3,1,0.0,1,7,0.0,0,1,a3a76cb6-a135-11e9-9cda-0a87ae2ba916,0,8,08/05/2024 12:10 AM,4,3,0
0,1,0.0,1,1,0.0,0,1,a3b10a40-a135-11e9-9cda-0a87ae2ba916,0,10,08/05/2024 12:10 AM,1,0,0
4,1,0.0,1,13,0.0,0,1,a3a83ba1-a135-11e9-9cda-0a87ae2ba916,0,6,08/05/2024 12:10 AM,9,4,0
0,1,,1,0,,0,1,1970688521031469268,0,15,08/05/2024 12:10 AM,0,0,0
1,1,0.0,1,1,0.0,0,1,a3ad8072-a135-11e9-9cda-0a87ae2ba916,1,29,08/05/2024 12:10 AM,0,1,0
0,1,1.0,1,5,0.0,0,1,1936552461714393094,0,9,08/05/2024 12:10 AM,5,0,0
0,1,0.0,1,1,0.0,0,1,a3b2862e-a135-11e9-9cda-0a87ae2ba916,5,5,08/05/2024 12:10 AM,1,0,0
0,1,0.0,1,1,0.0,0,1,a3b22d3d-a135-11e9-9cda-0a87ae2ba916,0,10,08/05/2024 12:10 AM,1,0,0
1,1,0.0,1,5,0.0,0,1,1943244520961310788,3,7,08/05/2024 12:10 AM,4,1,0
0,1,0.0,1,5,0.0,0,1,1963672425916463636,0,10,08/05/2024 12:10 AM,5,0,0
0,1,0.0,1,1,0.0,0,1,a3a9c5f7-a135-11e9-9cda-0a87ae2ba916,0,6,08/05/2024 12:10 AM,1,0,0
5,1,0.0,1,9,1.0,0,1,1934288718318207280,2,3,08/05/2024 12:10 AM,4,5,0
0,1,4.0,1,1,0.0,0,1,1943244109954931024,1,9,08/05/2024 12:10 AM,1,0,0
0,1,3.0,1,5,0.0,0,1,1867616662773391950,0,7,08/05/2024 12:10 AM,5,0,0
1,1,2.0,1,1,0.0,0,1,a3b1fa1c-a135-11e9-9cda-0a87ae2ba916,3,6,08/05/2024 12:10 AM,0,1,0
1,1,0.0,1,26,0.0,0,1,a3a79adb-a135-11e9-9cda-0a87ae2ba916,0,1,08/05/2024 12:10 AM,25,1,0
1,1,2.0,1,7,0.0,0,1,a3ad4d1b-a135-11e9-9cda-0a87ae2ba916,1,5,08/05/2024 12:10 AM,6,1,0
0,1,0.0,1,4,0.0,0,1,ff21c158-de98-46c6-9ef7-7082bdb7c634,2,9,08/05/2024 12:10 AM,4,0,0
4,1,0.0,1,5,0.0,0,1,1933998036428004326,0,10,08/05/2024 12:10 AM,1,4,0
0,1,0.0,1,0,0.0,0,1,a3a75d8a-a135-11e9-9cda-0a87ae2ba916,6,14,08/05/2024 12:10 AM,0,0,0
3,1,2.0,1,13,0.0,0,1,a3b419d9-a135-11e9-9cda-0a87ae2ba916,0,0,08/05/2024 12:10 AM,10,3,2
1,1,0.0,1,6,0.0,0,1,a3a9f76a-a135-11e9-9cda-0a87ae2ba916,1,8,08/05/2024 12:10 AM,5,1,0
0,1,,1,0,,0,1,a3acb1de-a135-11e9-9cda-0a87ae2ba916,0,11,08/05/2024 12:10 AM,0,0,0
2,1,3.0,1,11,0.0,0,1,a3a9b1d7-a135-11e9-9cda-0a87ae2ba916,1,0,08/05/2024 12:10 AM,9,2,3
0,1,0.0,1,5,0.0,0,1,a3ad2d57-a135-11e9-9cda-0a87ae2ba916,0,6,08/05/2024 12:10 AM,5,0,0
1,1,2.0,1,5,0.0,0,1,a3a75885-a135-11e9-9cda-0a87ae2ba916,1,14,08/05/2024 12:10 AM,4,1,2
3,1,1.0,1,3,0.0,0,1,a3afd294-a135-11e9-9cda-0a87ae2ba916,1,10,08/05/2024 12:10 AM,0,3,0
1,1,1.0,1,4,0.0,0,1,a3a48d5c-a135-11e9-9cda-0a87ae2ba916,0,18,08/05/2024 12:10 AM,3,1,1
4,1,0.0,1,8,0.0,0,1,1936582560225114270,3,4,08/05/2024 12:10 AM,4,4,0
5,1,1.0,1,18,0.0,0,1,a3b48c07-a135-11e9-9cda-0a87ae2ba916,0,0,08/05/2024 12:10 AM,13,5,0
2,1,0.0,1,12,0.0,0,1,a3aae35a-a135-11e9-9cda-0a87ae2ba916,1,2,08/05/2024 12:10 AM,10,2,0
0,1,0.0,1,2,0.0,0,1,1945195957167804800,0,13,08/05/2024 12:10 AM,2,0,0
0,1,0.0,1,1,0.0,0,1,a3acea44-a135-11e9-9cda-0a87ae2ba916,0,10,08/05/2024 12:10 AM,1,0,0
1,1,2.0,1,7,0.0,0,1,a3a52df5-a135-11e9-9cda-0a87ae2ba916,1,12,08/05/2024 12:10 AM,6,1,2
2,1,0.0,1,5,0.0,0,1,a3b1d532-a135-11e9-9cda-0a87ae2ba916,1,5,08/05/2024 12:10 AM,3,2,0
5,1,1.0,1,8,1.0,0,1,1958859639339458778,2,3,08/05/2024 12:10 AM,3,5,0
1,1,1.0,1,4,0.0,0,1,a3a9c0f6-a135-11e9-9cda-0a87ae2ba916,3,3,08/05/2024 12:10 AM,3,1,1
10,1,0.0,1,14,0.0,0,1,a3a3b202-a135-11e9-9cda-0a87ae2ba916,1,0,08/05/2024 12:10 AM,4,10,0
4,1,3.0,1,8,0.0,0,1,1871993715238611622,0,4,08/05/2024 12:10 AM,4,4,0
4,1,1.0,1,8,0.0,0,1,a3aa4017-a135-11e9-9cda-0a87ae2ba916,5,1,08/05/2024 12:10 AM,4,4,0
1,1,0.0,1,2,0.0,0,1,a3ad95a7-a135-11e9-9cda-0a87ae2ba916,3,10,08/05/2024 12:10 AM,1,1,0
2,1,0.0,1,6,0.0,0,1,1882466626513795782,5,4,08/05/2024 12:10 AM,4,2,0
11,1,1.0,1,12,0.0,0,1,1929905600854819414,0,2,08/05/2024 12:10 AM,1,11,0
0,1,0.0,1,7,0.0,0,1,a3ac7444-a135-11e9-9cda-0a87ae2ba916,0,8,08/05/2024 12:10 AM,7,0,0
1,1,0.0,1,7,0.0,0,1,a3a547b8-a135-11e9-9cda-0a87ae2ba916,3,5,08/05/2024 12:10 AM,6,1,0
2,1,0.0,1,6,0.0,0,1,1969221526359528022,2,11,08/05/2024 12:10 AM,4,2,0
4,1,0.0,1,12,0.0,0,1,a3aa35a4-a135-11e9-9cda-0a87ae2ba916,2,17,08/05/2024 12:10 AM,8,4,0
0,1,2.0,1,5,0.0,0,1,a3ac1607-a135-11e9-9cda-0a87ae2ba916,0,8,08/05/2024 12:10 AM,5,0,2
1,1,5.0,1,6,0.0,0,1,a3aabad8-a135-11e9-9cda-0a87ae2ba916,2,7,08/05/2024 12:10 AM,5,1,0
0,1,0.0,1,6,0.0,0,1,1879436840905128284,3,6,08/05/2024 12:10 AM,6,0,0
6,1,2.0,1,9,0.0,0,1,a3ad13e4-a135-11e9-9cda-0a87ae2ba916,0,0,08/05/2024 12:10 AM,3,6,2
0,1,0.0,1,2,0.0,0,1,a3b29fae-a135-11e9-9cda-0a87ae2ba916,2,7,08/05/2024 12:10 AM,2,0,0
2,1,1.0,1,8,0.0,0,1,1961472602929588766,0,6,08/05/2024 12:10 AM,6,2,0
0,1,0.0,1,2,0.0,0,1,732c9f35-0c82-4128-acc3-2cf447298b1d,0,13,08/05/2024 12:10 AM,2,0,0
1,1,0.0,1,5,0.0,0,1,a3a5f5e6-a135-11e9-9cda-0a87ae2ba916,1,4,08/05/2024 12:10 AM,5,1,0
2,1,0.0,1,9,0.0,0,1,1869054242749504212,1,5,08/05/2024 12:10 AM,7,2,0
3,1,3.0,1,9,0.0,0,1,a3a3ace6-a135-11e9-9cda-0a87ae2ba916,2,0,08/05/2024 12:10 AM,6,3,3
0,1,0.0,1,2,0.0,0,1,a3b2be3a-a135-11e9-9cda-0a87ae2ba916,5,4,08/05/2024 12:10 AM,2,0,0
0,1,0.0,1,0,0.0,0,1,90011328-f7bd-4b7b-8f95-8204a0b50f27,3,8,08/05/2024 12:10 AM,0,0,0
5,1,1.0,1,13,0.0,0,1,a3af2737-a135-11e9-9cda-0a87ae2ba916,0,1,08/05/2024 12:10 AM,8,5,0
1,1,1.0,1,4,0.0,0,1,a3af5d1c-a135-11e9-9cda-0a87ae2ba916,2,8,08/05/2024 12:10 AM,3,1,0
3,1,1.0,1,12,0.0,0,1,a3afbe2e-a135-11e9-9cda-0a87ae2ba916,1,1,08/05/2024 12:10 AM,9,3,0
2,1,0.0,1,3,0.0,0,1,a3b477ac-a135-11e9-9cda-0a87ae2ba916,2,10,08/05/2024 12:10 AM,1,2,0
2,1,0.0,1,7,0.0,0,1,a21de1a5-f5bc-4b50-8a13-aa28b7dcfa95,0,8,08/05/2024 12:10 AM,5,2,0
0,1,0.0,1,3,0.0,0,1,1934290380966283526,7,5,08/05/2024 12:10 AM,3,0,0
2,1,5.0,1,7,0.0,0,1,1934289361049585738,2,1,08/05/2024 12:10 AM,5,2,0
0,1,,1,0,,0,1,1975902497437067330,0,15,08/05/2024 12:10 AM,0,0,0
1,1,0.0,1,3,0.0,1,1,4843d153-c725-4230-a4c7-402da6a62143,0,12,08/05/2024 12:10 AM,2,0,0
1,1,0.0,1,4,0.0,0,1,a3b24701-a135-11e9-9cda-0a87ae2ba916,2,5,08/05/2024 12:10 AM,3,1,0
8,1,2.0,1,17,0.0,0,1,a3ab9119-a135-11e9-9cda-0a87ae2ba916,1,27,08/05/2024 12:10 AM,9,8,0
0,1,0.0,1,2,0.0,0,1,a60781db-2bec-4a15-a4a2-363297aefcec,0,13,08/05/2024 12:10 AM,2,0,0
1,1,1.0,1,4,0.0,0,1,1967727360320698512,0,10,08/05/2024 12:10 AM,3,1,0
0,1,0.0,1,4,0.0,0,1,1929538112769137066,1,10,08/05/2024 12:10 AM,4,0,0
0,1,0.0,1,1,0.0,0,1,1963673207600511026,1,13,08/05/2024 12:10 AM,1,0,0
0,1,0.0,1,0,0.0,0,1,1850867138125484782,1,10,08/05/2024 12:08 AM,0,0,0
1,1,1.0,1,5,0.0,0,1,a3acd5b1-a135-11e9-9cda-0a87ae2ba916,3,2,08/05/2024 12:08 AM,4,1,0
5,1,0.0,1,7,0.0,0,1,1861588043429399408,0,4,08/05/2024 12:08 AM,2,5,0
0,1,0.0,1,3,0.0,0,1,a3a6054c-a135-11e9-9cda-0a87ae2ba916,1,11,08/05/2024 12:08 AM,3,0,0
0,1,0.0,1,9,0.0,0,1,b43a9764-2b1d-4fa0-a13f-7e05eddc7fcd,3,11,08/05/2024 12:08 AM,9,0,0
2,1,0.0,1,7,0.0,0,1,a3b0eb93-a135-11e9-9cda-0a87ae2ba916,2,2,08/05/2024 12:08 AM,5,2,0
8,1,0.0,1,11,0.0,0,1,a3b00055-a135-11e9-9cda-0a87ae2ba916,0,4,08/05/2024 12:08 AM,3,8,0
1,1,0.0,1,5,0.0,0,1,a3b2810e-a135-11e9-9cda-0a87ae2ba916,4,2,08/05/2024 12:08 AM,4,1,0
1,1,0.0,1,1,4.0,0,1,a3a4ea00-a135-11e9-9cda-0a87ae2ba916,2,31,08/05/2024 12:08 AM,0,1,0
2,1,0.0,1,5,0.0,0,1,a3af5804-a135-11e9-9cda-0a87ae2ba916,1,5,08/05/2024 12:08 AM,3,2,0
0,1,2.0,1,4,0.0,0,1,a3a7d279-a135-11e9-9cda-0a87ae2ba916,0,5,08/05/2024 12:09 AM,4,0,2
0,1,2.0,1,12,0.0,0,1,a3aa91f4-a135-11e9-9cda-0a87ae2ba916,0,1,08/05/2024 12:09 AM,12,0,0
1,1,2.0,1,2,0.0,0,1,a3a7af11-a135-11e9-9cda-0a87ae2ba916,1,10,08/05/2024 12:09 AM,1,1,2
5,1,0.0,1,6,0.0,0,1,a3b0d1d5-a135-11e9-9cda-0a87ae2ba916,10,3,08/05/2024 12:09 AM,1,5,0
0,1,,1,0,,0,1,a3a3bc53-a135-11e9-9cda-0a87ae2ba916,0,15,08/05/2024 12:09 AM,0,0,0
2,1,1.0,1,2,0.0,0,1,a3b3968b-a135-11e9-9cda-0a87ae2ba916,3,9,08/05/2024 12:09 AM,0,2,0
1,1,0.0,1,9,0.0,0,1,a3b1ff34-a135-11e9-9cda-0a87ae2ba916,0,2,08/05/2024 12:09 AM,8,1,0
0,1,1.0,1,11,1.0,0,1,a3a44ec7-a135-11e9-9cda-0a87ae2ba916,5,1,08/05/2024 12:09 AM,11,0,1
0,1,0.0,1,2,0.0,0,1,c4040b17-88bd-40ab-9aae-2655d6771580,1,12,08/05/2024 12:09 AM,2,0,0
0,1,0.0,1,3,0.0,0,1,1926946441362045298,1,11,08/05/2024 12:09 AM,3,0,0
0,1,1.0,1,1,0.0,0,1,a3b10f66-a135-11e9-9cda-0a87ae2ba916,0,9,08/05/2024 12:09 AM,1,0,0
0,1,0.0,1,2,0.0,0,1,a3a46896-a135-11e9-9cda-0a87ae2ba916,0,25,08/05/2024 12:09 AM,2,0,0
1,1,0.0,1,7,0.0,0,1,a3b300d3-a135-11e9-9cda-0a87ae2ba916,1,7,08/05/2024 12:09 AM,6,1,0
0,1,0.0,1,1,2.0,0,1,1866476559603607834,0,1,08/05/2024 12:07 AM,1,0,0
0,1,0.0,1,8,0.0,0,1,1867617341378224632,3,4,08/05/2024 12:09 AM,8,0,0
0,1,0.0,1,4,0.0,0,1,a3ac4548-a135-11e9-9cda-0a87ae2ba916,2,8,08/05/2024 12:09 AM,4,0,0
2,1,1.0,1,5,0.0,0,1,a3b02ef1-a135-11e9-9cda-0a87ae2ba916,1,8,08/05/2024 12:09 AM,3,2,0
0,1,0.0,1,8,0.0,0,1,a3afc347-a135-11e9-9cda-0a87ae2ba916,4,7,08/05/2024 12:09 AM,8,0,0
0,1,0.0,1,2,0.0,0,1,a3aca790-a135-11e9-9cda-0a87ae2ba916,0,25,08/05/2024 12:09 AM,2,0,0
0,1,0.0,1,3,0.0,0,1,a3b25656-a135-11e9-9cda-0a87ae2ba916,2,6,08/05/2024 12:09 AM,3,0,0
0,1,0.0,1,20,2.0,0,1,a3a6e866-a135-11e9-9cda-0a87ae2ba916,0,1,08/05/2024 12:09 AM,20,0,0
3,1,0.0,1,4,0.0,0,1,1929121887488481484,4,3,08/05/2024 12:09 AM,1,3,0
1,1,0.0,1,10,0.0,0,1,a3a88a6d-a135-11e9-9cda-0a87ae2ba916,1,0,08/05/2024 12:09 AM,9,1,0
0,1,1.0,1,15,0.0,0,1,a3a5f0b8-a135-11e9-9cda-0a87ae2ba916,2,1,08/05/2024 12:09 AM,15,0,1
0,1,0.0,1,1,0.0,0,1,a3ad42c3-a135-11e9-9cda-0a87ae2ba916,0,10,08/05/2024 12:09 AM,1,0,0
3,1,0.0,1,3,0.0,0,1,a3ab8bee-a135-11e9-9cda-0a87ae2ba916,1,11,08/05/2024 12:09 AM,0,3,0
1,1,3.0,1,7,0.0,0,1,a3a9a778-a135-11e9-9cda-0a87ae2ba916,0,4,08/05/2024 12:09 AM,6,1,3
3,1,0.0,1,7,0.0,0,1,1936582264492460636,1,7,08/05/2024 12:09 AM,4,3,0
2,1,0.0,1,3,0.0,0,1,a3b1eaa7-a135-11e9-9cda-0a87ae2ba916,0,4,08/05/2024 12:09 AM,1,2,0
0,1,0.0,1,6,0.0,0,1,1934290131858180982,0,9,08/05/2024 12:09 AM,6,0,0
2,1,0.0,1,6,0.0,0,1,1871991855517771832,1,8,08/05/2024 12:09 AM,4,2,0
3,1,0.0,1,4,0.0,0,1,a3b2f698-a135-11e9-9cda-0a87ae2ba916,5,6,08/05/2024 12:09 AM,1,3,0
0,1,1.0,1,5,0.0,0,1,a3a6e359-a135-11e9-9cda-0a87ae2ba916,1,8,08/05/2024 12:09 AM,5,0,0
0,1,1.0,1,8,0.0,0,1,8995498f-1209-4b06-9317-01cd695b3b61,2,0,08/05/2024 12:09 AM,8,0,1
0,1,0.0,1,2,0.0,0,1,1859717449875884116,2,11,08/05/2024 12:09 AM,2,0,0
0,1,0.0,1,2,0.0,0,1,a3ad8aa3-a135-11e9-9cda-0a87ae2ba916,3,10,08/05/2024 12:09 AM,2,0,0
0,1,0.0,1,2,0.0,0,1,a3a4d069-a135-11e9-9cda-0a87ae2ba916,5,24,08/05/2024 12:09 AM,2,0,0
0,1,0.0,1,11,0.0,0,1,a3ad8587-a135-11e9-9cda-0a87ae2ba916,2,14,08/05/2024 12:08 AM,11,0,0
1,1,0.0,1,7,0.0,0,1,1958860355622110046,1,7,08/05/2024 12:08 AM,6,1,0
0,1,,1,0,,0,1,a3a434ce-a135-11e9-9cda-0a87ae2ba916,0,19,08/05/2024 12:08 AM,0,0,0
1,1,0.0,1,7,0.0,0,1,391d5cd8-c87c-42f8-94df-823f94284005,2,6,08/05/2024 12:08 AM,6,1,0
7,1,0.0,1,13,1.0,0,1,a3b0bd42-a135-11e9-9cda-0a87ae2ba916,1,1,08/05/2024 12:08 AM,6,7,0
0,1,3.0,1,3,0.0,0,1,a3a5b496-a135-11e9-9cda-0a87ae2ba916,1,11,08/05/2024 12:09 AM,3,0,0
1,1,0.0,1,6,0.0,0,1,c1f104db-9ee7-4999-bd4a-ddd766c75e04,1,4,08/05/2024 12:09 AM,5,1,0
1,1,0.0,1,14,0.0,0,1,a3a8711c-a135-11e9-9cda-0a87ae2ba916,1,4,08/05/2024 12:08 AM,13,1,0
2,1,0.0,1,10,0.0,0,1,a3a3f5e9-a135-11e9-9cda-0a87ae2ba916,2,3,08/05/2024 12:09 AM,8,2,0
0,1,0.0,1,8,0.0,0,1,a3aca268-a135-11e9-9cda-0a87ae2ba916,0,3,08/05/2024 12:09 AM,8,0,0
1,1,1.0,1,4,0.0,0,1,a3b3686c-a135-11e9-9cda-0a87ae2ba916,1,9,08/05/2024 12:08 AM,3,1,0
1,1,0.0,1,1,0.0,0,1,a3a46e71-a135-11e9-9cda-0a87ae2ba916,3,32,08/05/2024 12:08 AM,0,1,0
0,1,0.0,1,3,0.0,0,1,a3b29a90-a135-11e9-9cda-0a87ae2ba916,5,3,08/05/2024 12:08 AM,3,0,0
1,1,3.0,1,7,1.0,0,1,a3b38728-a135-11e9-9cda-0a87ae2ba916,1,11,08/05/2024 12:09 AM,6,1,3
6,1,0.0,1,8,0.0,0,1,a3aab5c1-a135-11e9-9cda-0a87ae2ba916,3,8,08/05/2024 12:09 AM,2,6,0
0,1,0.0,1,3,0.0,0,1,1863873701095594368,1,11,08/05/2024 12:09 AM,3,0,0
1,1,0.0,1,6,0.0,0,1,a3b42a3e-a135-11e9-9cda-0a87ae2ba916,0,5,08/05/2024 12:09 AM,5,1,0
0,1,0.0,1,1,0.0,0,1,a3acacbc-a135-11e9-9cda-0a87ae2ba916,0,14,08/05/2024 12:09 AM,1,0,0
0,1,0.0,1,2,0.0,0,1,a3ac83bc-a135-11e9-9cda-0a87ae2ba916,0,13,08/05/2024 12:09 AM,2,0,0
1,1,0.0,1,6,0.0,0,1,1927677528601722888,0,9,08/05/2024 12:09 AM,5,1,0
3,1,0.0,1,4,0.0,0,1,a3af956e-a135-11e9-9cda-0a87ae2ba916,0,11,08/05/2024 12:09 AM,1,3,0
0,1,0.0,1,5,0.0,0,1,1869052846885132442,4,6,08/05/2024 12:09 AM,5,0,0
0,1,0.0,1,0,3.0,0,1,a3a45e3b-a135-11e9-9cda-0a87ae2ba916,1,35,08/05/2024 12:09 AM,0,0,0
3,1,0.0,1,12,0.0,0,1,a3a866a5-a135-11e9-9cda-0a87ae2ba916,1,6,08/05/2024 12:09 AM,9,3,0
0,1,0.0,1,6,0.0,0,1,a3a5c440-a135-11e9-9cda-0a87ae2ba916,2,7,08/05/2024 12:09 AM,6,0,0
0,1,1.0,1,0,0.0,0,1,a3a42a93-a135-11e9-9cda-0a87ae2ba916,1,21,08/05/2024 12:09 AM,0,0,1
1,1,1.0,1,4,1.0,0,1,a3a61a0b-a135-11e9-9cda-0a87ae2ba916,0,10,08/05/2024 12:09 AM,3,1,0
0,1,0.0,1,4,0.0,0,1,a3b26084-a135-11e9-9cda-0a87ae2ba916,2,5,08/05/2024 12:09 AM,4,0,0
2,1,0.0,1,5,0.0,0,1,a3ad5c90-a135-11e9-9cda-0a87ae2ba916,1,8,08/05/2024 12:09 AM,3,2,0
0,1,0.0,1,8,0.0,0,1,a3a7cd56-a135-11e9-9cda-0a87ae2ba916,1,6,08/05/2024 12:09 AM,8,0,0
1,1,0.0,1,2,0.0,0,1,a3b21de7-a135-11e9-9cda-0a87ae2ba916,0,9,08/05/2024 12:09 AM,1,1,0
2,1,0.0,1,4,0.0,0,1,1926982189560422428,2,9,08/05/2024 12:09 AM,2,2,0
0,1,0.0,1,15,0.0,0,1,a3a4f993-a135-11e9-9cda-0a87ae2ba916,1,3,08/05/2024 12:09 AM,15,0,0
0,1,0.0,1,4,0.0,0,1,1754781885939323186,0,7,08/05/2024 12:09 AM,4,0,0
0,1,0.0,1,1,0.0,0,1,7e435d2a-617e-4c3f-bed0-a8801c20f265,0,14,08/05/2024 12:09 AM,1,0,0
0,1,0.0,1,10,0.0,0,1,a3a9acc5-a135-11e9-9cda-0a87ae2ba916,1,0,08/05/2024 12:09 AM,10,0,0
8,1,0.0,1,13,1.0,0,1,a3a3a7b4-a135-11e9-9cda-0a87ae2ba916,1,0,08/05/2024 12:09 AM,5,8,0
1,1,0.0,1,6,0.0,0,1,1945178760530424534,0,9,08/05/2024 12:09 AM,5,1,0
1,1,0.0,1,5,0.0,0,1,a3b46866-a135-11e9-9cda-0a87ae2ba916,0,6,08/05/2024 12:09 AM,4,1,0
0,1,0.0,1,2,0.0,0,1,a3b2b92c-a135-11e9-9cda-0a87ae2ba916,1,8,08/05/2024 12:09 AM,2,0,0
10,1,2.0,1,13,0.0,0,1,a3a6fcac-a135-11e9-9cda-0a87ae2ba916,3,5,08/05/2024 12:09 AM,3,10,0
0,1,0.0,1,1,0.0,0,1,a3a39301-a135-11e9-9cda-0a87ae2ba916,1,13,08/05/2024 12:09 AM,1,0,0
1,1,0.0,1,6,0.0,0,1,1861613253877461614,0,9,08/05/2024 12:09 AM,5,1,0
1,1,1.0,1,13,1.0,0,1,a3a4f46b-a135-11e9-9cda-0a87ae2ba916,3,5,08/05/2024 12:09 AM,12,1,1
0,1,2.0,1,9,0.0,0,1,a3a7dc8c-a135-11e9-9cda-0a87ae2ba916,3,6,08/05/2024 12:09 AM,9,0,2
0,1,1.0,1,11,0.0,0,1,a3a771c2-a135-11e9-9cda-0a87ae2ba916,0,3,08/05/2024 12:09 AM,11,0,0
1,1,0.0,1,1,0.0,0,1,a3b26acf-a135-11e9-9cda-0a87ae2ba916,1,9,08/05/2024 12:09 AM,0,1,0
0,1,,1,0,,0,1,a3ad1e12-a135-11e9-9cda-0a87ae2ba916,0,15,08/05/2024 12:09 AM,0,0,0
1,1,0.0,1,7,0.0,0,1,a3a5a48b-a135-11e9-9cda-0a87ae2ba916,1,11,08/05/2024 12:09 AM,6,1,0
0,1,0.0,1,1,0.0,0,1,1871990322214447924,3,11,08/05/2024 12:09 AM,1,0,0
0,1,0.0,1,4,0.0,0,1,a77136ee-060b-433b-88d0-ec74af1ef7ad,1,10,08/05/2024 12:09 AM,4,0,0
1,1,0.0,1,10,0.0,0,1,a3ad2843-a135-11e9-9cda-0a87ae2ba916,0,9,08/05/2024 12:09 AM,9,1,0
4,1,0.0,1,7,0.0,0,1,a3a5d8db-a135-11e9-9cda-0a87ae2ba916,0,12,08/05/2024 12:09 AM,3,4,0
2,1,2.0,1,3,0.0,0,1,a3a5af44-a135-11e9-9cda-0a87ae2ba916,0,10,08/05/2024 12:09 AM,1,2,2
1,1,0.0,1,3,0.0,0,1,1932496568454183892,0,12,08/05/2024 12:09 AM,2,1,0
5,1,1.0,1,10,0.0,0,1,a3aa10ca-a135-11e9-9cda-0a87ae2ba916,4,4,08/05/2024 12:09 AM,5,5,0
2,1,0.0,1,9,0.0,0,1,22afe78c-e8f7-4a80-969e-7ddeafdf49da,2,4,08/05/2024 12:09 AM,7,2,0
0,1,1.0,1,10,0.0,0,1,a3ab812d-a135-11e9-9cda-0a87ae2ba916,3,25,08/05/2024 12:09 AM,10,0,0
0,1,0.0,1,6,0.0,0,1,a3b218cd-a135-11e9-9cda-0a87ae2ba916,1,4,08/05/2024 12:09 AM,6,0,0
0,1,0.0,1,2,0.0,0,1,a3b241df-a135-11e9-9cda-0a87ae2ba916,0,5,08/05/2024 12:09 AM,2,0,0
0,1,0.0,1,3,0.0,0,1,1965904499533560722,4,4,08/05/2024 12:09 AM,3,0,0
0,1,0.0,1,12,0.0,0,1,a3a8224f-a135-11e9-9cda-0a87ae2ba916,2,9,08/05/2024 12:09 AM,12,0,0
1,1,1.0,1,3,0.0,0,1,a3ac7978-a135-11e9-9cda-0a87ae2ba916,0,7,08/05/2024 12:09 AM,2,1,1
5,1,2.0,1,9,0.0,0,1,1930641272056945296,3,2,08/05/2024 12:09 AM,4,5,0
4,1,0.0,1,6,0.0,0,1,1929121088624564460,2,7,08/05/2024 12:09 AM,2,4,0
3,1,0.0,1,5,0.0,0,1,a3b35885-a135-11e9-9cda-0a87ae2ba916,0,6,08/05/2024 12:09 AM,2,3,0
0,1,0.0,1,2,0.0,0,1,1934290608103817582,0,13,08/05/2024 12:09 AM,2,0,0
2,1,0.0,1,10,0.0,0,1,a3b310ac-a135-11e9-9cda-0a87ae2ba916,3,1,08/05/2024 12:09 AM,8,2,0
0,1,0.0,1,15,0.0,0,1,a3a62025-a135-11e9-9cda-0a87ae2ba916,1,3,08/05/2024 12:09 AM,15,0,0
5,1,0.0,1,5,0.0,0,1,a3af2216-a135-11e9-9cda-0a87ae2ba916,2,4,08/05/2024 12:09 AM,0,5,0
2,1,0.0,1,6,0.0,0,1,6fd280b0-74de-4a89-947d-3be40afa079c,4,5,08/05/2024 12:09 AM,4,2,0
2,1,0.0,1,7,0.0,0,1,a3b4728f-a135-11e9-9cda-0a87ae2ba916,0,4,08/05/2024 12:09 AM,5,2,0
0,1,0.0,1,1,0.0,0,1,a3b20e8a-a135-11e9-9cda-0a87ae2ba916,0,10,08/05/2024 12:09 AM,1,0,0
0,1,0.0,1,2,0.0,0,1,1945195755748241796,2,11,08/05/2024 12:09 AM,2,0,0
3,1,0.0,1,12,0.0,0,1,a3b30b06-a135-11e9-9cda-0a87ae2ba916,1,2,08/05/2024 12:09 AM,9,3,0
0,1,0.0,1,0,0.0,0,1,a3a49288-a135-11e9-9cda-0a87ae2ba916,1,21,08/05/2024 12:09 AM,0,0,0
0,1,1.0,1,2,0.0,0,1,a3b1efd6-a135-11e9-9cda-0a87ae2ba916,0,8,08/05/2024 12:10 AM,2,0,0
3,1,0.0,1,3,0.0,0,1,1970390432459950744,0,12,08/05/2024 12:10 AM,0,3,0
0,1,1.0,1,4,0.0,0,1,1939906971867155378,0,10,08/05/2024 12:10 AM,4,0,0
2,1,0.0,1,3,0.0,0,1,a3b11993-a135-11e9-9cda-0a87ae2ba916,0,8,08/05/2024 12:10 AM,1,2,0
1,1,0.0,1,6,0.0,0,1,a3ad7b51-a135-11e9-9cda-0a87ae2ba916,3,2,08/05/2024 12:10 AM,5,1,0
2,1,2.0,1,6,0.0,0,1,a3b45e26-a135-11e9-9cda-0a87ae2ba916,0,3,08/05/2024 12:10 AM,4,2,0
2,1,1.0,1,3,0.0,0,1,a3adbedf-a135-11e9-9cda-0a87ae2ba916,0,8,08/05/2024 12:10 AM,1,2,0
3,1,2.0,1,10,1.0,0,1,a3ac2671-a135-11e9-9cda-0a87ae2ba916,1,1,08/05/2024 12:10 AM,7,3,0
0,1,0.0,1,4,0.0,0,1,1866477298337982542,0,0,08/05/2024 12:10 AM,4,0,0
3,1,7.0,1,10,0.0,0,1,a3a3eb9a-a135-11e9-9cda-0a87ae2ba916,0,2,08/05/2024 12:10 AM,7,3,7
0,1,0.0,1,0,1.0,0,1,a3a6f7a5-a135-11e9-9cda-0a87ae2ba916,0,34,08/05/2024 12:10 AM,0,0,0
1,1,0.0,1,10,0.0,0,1,1969204473221170122,1,4,08/05/2024 12:10 AM,9,1,0
0,1,0.0,1,4,1.0,0,1,a3a42574-a135-11e9-9cda-0a87ae2ba916,2,28,08/05/2024 12:10 AM,4,0,0
0,1,0.0,1,3,0.0,0,1,1890603435601779460,2,10,08/05/2024 12:10 AM,3,0,0
3,1,0.0,1,16,0.0,0,1,a3ad61c2-a135-11e9-9cda-0a87ae2ba916,1,1,08/05/2024 12:10 AM,13,3,0
0,1,0.0,1,11,0.0,0,1,a3a57a52-a135-11e9-9cda-0a87ae2ba916,0,0,08/05/2024 12:10 AM,11,0,0
1,1,0.0,1,6,0.0,0,1,a3add889-a135-11e9-9cda-0a87ae2ba916,0,5,08/05/2024 12:10 AM,5,1,0
1,1,0.0,1,5,0.0,0,1,8fd03909-317e-4b6c-b8e9-f4c28b4c90b1,1,9,08/05/2024 12:10 AM,4,1,0
2,1,0.0,1,16,0.0,0,1,9e5ce0b6-198f-48fa-9363-64ab5ec2b222,0,7,08/05/2024 12:10 AM,14,2,0
1,1,0.0,1,2,0.0,0,1,1870208802121658482,0,13,08/05/2024 12:10 AM,1,1,0
0,1,0.0,1,8,0.0,0,1,87d2a090-22cd-471b-b622-fef3923999dd,0,7,08/05/2024 12:10 AM,8,0,0
1,1,0.0,1,3,0.0,0,1,a3b453f2-a135-11e9-9cda-0a87ae2ba916,1,3,08/05/2024 12:10 AM,2,1,0
4,1,0.0,1,8,0.0,0,1,a3b2e20c-a135-11e9-9cda-0a87ae2ba916,3,4,08/05/2024 12:10 AM,4,4,0
0,1,0.0,1,6,1.0,0,1,1958859209051740602,1,7,08/05/2024 12:10 AM,6,0,0
5,1,2.0,1,10,1.0,0,1,a3b0f0b6-a135-11e9-9cda-0a87ae2ba916,1,1,08/05/2024 12:10 AM,5,5,0
1,1,0.0,1,2,0.0,0,1,14d6e4b0-d0cc-4ccb-b757-e596d8c24a99,1,12,08/05/2024 12:10 AM,1,1,0
2,1,1.0,1,4,0.0,0,1,a3aa5ed1-a135-11e9-9cda-0a87ae2ba916,0,6,08/05/2024 12:10 AM,2,2,0
1,1,0.0,1,1,0.0,0,1,a3a58ee0-a135-11e9-9cda-0a87ae2ba916,1,13,08/05/2024 12:10 AM,0,1,0
2,1,0.0,1,9,0.0,0,1,a3b49122-a135-11e9-9cda-0a87ae2ba916,1,5,08/05/2024 12:10 AM,7,2,0
2,1,0.0,1,9,0.0,0,1,a3aa59bb-a135-11e9-9cda-0a87ae2ba916,1,1,08/05/2024 12:10 AM,7,2,0
0,1,0.0,1,7,0.0,0,1,625e37ea-24ea-4f13-9a54-6322466ec521,4,4,08/05/2024 12:10 AM,7,0,0
0,1,0.0,1,4,0.0,0,1,a3a64639-a135-11e9-9cda-0a87ae2ba916,0,10,08/05/2024 12:10 AM,4,0,0
2,1,0.0,1,7,0.0,0,1,a3a89488-a135-11e9-9cda-0a87ae2ba916,1,11,08/05/2024 12:10 AM,5,2,0
0,1,0.0,1,6,0.0,0,1,a3a378ca-a135-11e9-9cda-0a87ae2ba916,4,13,08/05/2024 12:10 AM,6,0,0
1,1,0.0,1,5,0.0,0,1,1872721624592814362,5,5,08/05/2024 12:10 AM,4,1,0
3,1,2.0,1,9,0.0,0,1,a3aaca0e-a135-11e9-9cda-0a87ae2ba916,2,6,08/05/2024 12:10 AM,6,3,0
0,1,0.0,1,0,1.0,0,1,a3a77c8d-a135-11e9-9cda-0a87ae2ba916,2,44,08/05/2024 12:10 AM,0,0,0
2,1,0.0,1,4,1.0,0,1,a3a88f84-a135-11e9-9cda-0a87ae2ba916,9,5,08/05/2024 12:10 AM,2,2,0
1,1,0.0,1,3,0.0,0,1,1934290793283144612,1,11,08/05/2024 12:10 AM,2,1,0
0,1,1.0,1,16,4.0,1,1,a3a41526-a135-11e9-9cda-0a87ae2ba916,5,16,08/05/2024 12:10 AM,16,0,1
4,1,0.0,1,6,0.0,0,1,a3b0d6ec-a135-11e9-9cda-0a87ae2ba916,5,0,08/05/2024 12:10 AM,2,4,0
2,1,0.0,1,6,0.0,0,1,a3b22815-a135-11e9-9cda-0a87ae2ba916,1,4,08/05/2024 12:10 AM,4,2,0
1,1,0.0,1,3,0.0,0,1,a3aff616-a135-11e9-9cda-0a87ae2ba916,2,10,08/05/2024 12:10 AM,2,1,0
3,1,3.0,1,9,0.0,0,1,a3afb917-a135-11e9-9cda-0a87ae2ba916,1,3,08/05/2024 12:10 AM,6,2,0
2,1,0.0,1,6,0.0,0,1,1936566008041245278,1,4,08/05/2024 12:10 AM,4,2,0
0,1,,1,0,,0,1,1966306862968688728,0,15,08/05/2024 12:10 AM,0,0,0
1,1,0.0,1,5,1.0,0,1,a3a4c618-a135-11e9-9cda-0a87ae2ba916,0,13,08/05/2024 12:10 AM,4,1,0
0,1,0.0,1,3,0.0,0,1,1e7e4cf3-a16b-4cb7-9ead-fdd71e07ea77,0,12,08/05/2024 12:10 AM,3,0,0
0,1,1.0,1,11,1.0,0,1,a3b3820c-a135-11e9-9cda-0a87ae2ba916,3,2,08/05/2024 12:10 AM,11,0,1
4,1,1.0,1,8,0.0,0,1,a3aa7373-a135-11e9-9cda-0a87ae2ba916,3,3,08/05/2024 12:10 AM,4,4,0
0,1,0.0,1,2,0.0,0,1,1962566135789175644,2,11,08/05/2024 12:10 AM,2,0,0
0,1,0.0,1,0,0.0,0,1,61695579-2f75-4090-a071-c76079b5fb5d,4,3,08/05/2024 12:10 AM,0,0,0
6,1,0.0,1,6,0.0,0,1,1929121521556988340,0,9,08/05/2024 12:10 AM,0,6,0
1,1,0.0,1,3,0.0,0,1,a3aa4f80-a135-11e9-9cda-0a87ae2ba916,0,11,08/05/2024 12:10 AM,2,1,0
2,1,2.0,1,2,0.0,0,1,a3af624c-a135-11e9-9cda-0a87ae2ba916,0,7,08/05/2024 12:10 AM,0,2,0
2,1,0.0,1,3,0.0,0,1,a3b377cb-a135-11e9-9cda-0a87ae2ba916,10,2,08/05/2024 12:10 AM,1,2,0
0,1,0.0,1,3,0.0,0,1,1872721263815561908,0,12,08/05/2024 12:10 AM,3,0,0
0,1,0.0,1,3,0.0,0,1,c3f1be96-07c2-4c65-8a1d-f2203de88495,10,2,08/05/2024 12:10 AM,3,0,0
0,1,0.0,1,4,0.0,0,1,a065d29d-a081-47f4-8d0f-9a572f6085fe,0,11,08/05/2024 12:10 AM,4,0,0
1,1,0.0,1,5,0.0,0,1,1863873159929715228,1,9,08/05/2024 12:10 AM,4,1,0
1,1,0.0,1,1,0.0,0,1,1943240055911940522,2,12,08/05/2024 12:10 AM,0,1,0
1,1,0.0,1,1,0.0,0,1,1934288914372987240,0,14,08/05/2024 12:07 AM,0,1,0
0,1,0.0,1,4,0.0,0,1,1967731401884924158,0,11,08/05/2024 12:07 AM,4,0,0
0,1,0.0,1,4,0.0,0,1,1932836901177930130,1,6,08/05/2024 12:08 AM,4,0,0
3,1,1.0,1,6,0.0,0,1,1942118282074374350,6,2,08/05/2024 12:08 AM,3,3,0
0,1,0.0,1,6,0.0,0,1,1936560699993133354,0,9,08/05/2024 12:08 AM,6,0,0
0,1,0.0,1,0,1.0,0,1,a3a8275e-a135-11e9-9cda-0a87ae2ba916,5,9,08/05/2024 12:08 AM,0,0,0
8,1,0.0,1,9,0.0,0,1,3d1da4c7-23c9-4731-81f5-91db08f6c97f,0,6,08/05/2024 12:08 AM,1,8,0
0,1,0.0,1,5,0.0,0,1,a3ad523f-a135-11e9-9cda-0a87ae2ba916,0,10,08/05/2024 12:08 AM,5,0,0
3,1,0.0,1,8,0.0,0,1,a3ad711d-a135-11e9-9cda-0a87ae2ba916,1,10,08/05/2024 12:08 AM,5,3,0
0,1,0.0,1,6,0.0,0,1,a3b38c3f-a135-11e9-9cda-0a87ae2ba916,2,7,08/05/2024 12:08 AM,6,0,0
2,1,0.0,1,9,0.0,0,1,a3aaf7bc-a135-11e9-9cda-0a87ae2ba916,2,0,08/05/2024 12:08 AM,7,2,0
0,1,0.0,1,2,0.0,0,1,a3b49b4c-a135-11e9-9cda-0a87ae2ba916,0,13,08/05/2024 12:08 AM,2,0,0
0,1,1.0,1,6,1.0,0,1,a3a4daa1-a135-11e9-9cda-0a87ae2ba916,2,17,08/05/2024 12:08 AM,6,0,1
0,1,6.0,1,0,0.0,0,1,1867616044298100822,2,7,08/05/2024 12:08 AM,0,0,0
10,1,1.0,1,14,0.0,0,1,1869036027793202092,0,0,08/05/2024 12:08 AM,4,10,0
3,1,0.0,1,6,0.0,0,1,1958860132283810038,0,5,08/05/2024 12:08 AM,3,3,0
1,1,0.0,1,9,0.0,0,1,a3ac2b9c-a135-11e9-9cda-0a87ae2ba916,0,6,08/05/2024 12:08 AM,8,1,0
2,1,1.0,1,8,0.0,0,1,a3b41f78-a135-11e9-9cda-0a87ae2ba916,2,20,08/05/2024 12:08 AM,6,2,1
0,1,0.0,1,4,0.0,0,1,a3ade2c3-a135-11e9-9cda-0a87ae2ba916,0,6,08/05/2024 12:08 AM,4,0,0
1,1,1.0,1,5,0.0,0,1,1775509322900183222,1,5,08/05/2024 12:09 AM,4,1,0
0,1,0.0,1,10,1.0,0,1,a3a589b9-a135-11e9-9cda-0a87ae2ba916,0,12,08/05/2024 12:09 AM,10,0,0
1,1,0.0,1,7,0.0,0,1,a3afc858-a135-11e9-9cda-0a87ae2ba916,3,1,08/05/2024 12:09 AM,6,1,0
3,1,0.0,1,10,1.0,0,1,a3a6d371-a135-11e9-9cda-0a87ae2ba916,4,0,08/05/2024 12:09 AM,7,3,0
1,1,0.0,1,9,0.0,0,1,a3ad6c01-a135-11e9-9cda-0a87ae2ba916,0,6,08/05/2024 12:09 AM,8,1,0
1,1,0.0,1,2,1.0,0,1,a3adce47-a135-11e9-9cda-0a87ae2ba916,1,11,08/05/2024 12:08 AM,1,1,0
0,1,0.0,1,1,0.0,0,1,a3b37ce0-a135-11e9-9cda-0a87ae2ba916,2,16,08/05/2024 12:08 AM,1,0,0
0,1,0.0,1,8,0.0,0,1,a3b2956a-a135-11e9-9cda-0a87ae2ba916,2,1,08/05/2024 12:09 AM,8,0,0
0,1,0.0,1,2,0.0,0,1,a3b0dc1f-a135-11e9-9cda-0a87ae2ba916,1,8,08/05/2024 12:09 AM,2,0,0
0,1,0.0,1,14,2.0,0,1,a3a7e19b-a135-11e9-9cda-0a87ae2ba916,4,12,08/05/2024 12:09 AM,14,0,0
0,1,0.0,1,7,0.0,0,1,a3b2b419-a135-11e9-9cda-0a87ae2ba916,0,4,08/05/2024 12:09 AM,7,0,0
2,1,0.0,1,7,0.0,0,1,1961473975097987236,0,8,08/05/2024 12:09 AM,5,2,0
0,0,0.0,1,0,3.0,0,0,a3a53843-a135-11e9-9cda-0a87ae2ba916,1,11,08/04/2024 11:48 PM,0,0,0
6,1,0.0,1,22,0.0,0,1,a3a57527-a135-11e9-9cda-0a87ae2ba916,1,2,08/05/2024 12:09 AM,16,6,0
5,1,3.0,1,5,0.0,0,1,a3af8642-a135-11e9-9cda-0a87ae2ba916,2,5,08/05/2024 12:09 AM,0,5,0
0,1,0.0,1,9,0.0,0,1,1861589903150238332,3,3,08/05/2024 12:09 AM,9,0,0
1,1,0.0,1,5,0.0,0,1,1861594737501366386,0,10,08/05/2024 12:09 AM,4,1,0
0,1,1.0,1,0,0.0,0,1,a3acef62-a135-11e9-9cda-0a87ae2ba916,3,11,08/05/2024 12:09 AM,0,0,1
2,1,0.0,1,10,0.0,0,1,a3b486f2-a135-11e9-9cda-0a87ae2ba916,0,5,08/05/2024 12:09 AM,8,2,0
4,1,0.0,1,10,0.0,0,1,a3a7c341-a135-11e9-9cda-0a87ae2ba916,1,4,08/05/2024 12:09 AM,6,4,0
1,1,0.0,1,6,0.0,0,1,1938033609511385892,1,8,08/05/2024 12:09 AM,5,1,0
1,1,1.0,1,2,0.0,0,1,a3aa9c65-a135-11e9-9cda-0a87ae2ba916,0,16,08/05/2024 12:09 AM,1,1,1
0,1,1.0,1,3,0.0,0,1,a3a4c0df-a135-11e9-9cda-0a87ae2ba916,4,31,08/05/2024 12:09 AM,3,0,1
8,1,0.0,1,9,0.0,0,1,98fe78dc-4efa-4b39-a47c-0d94abcdb221,0,2,08/05/2024 12:09 AM,1,8,0
0,1,0.0,1,2,0.0,0,1,a3acfa38-a135-11e9-9cda-0a87ae2ba916,2,7,08/05/2024 12:09 AM,2,0,0
0,1,0.0,1,3,0.0,0,1,1932128180709716638,0,8,08/05/2024 12:09 AM,3,0,0
14,1,0.0,1,14,0.0,0,1,ce334dea-c5ba-45ca-a52d-39dc161683b0,0,1,08/05/2024 12:09 AM,0,14,0
2,1,0.0,1,4,0.0,0,1,87c01e57-8a00-430d-9eb3-2abe51e535dd,0,11,08/05/2024 12:09 AM,2,2,0
1,1,0.0,1,5,0.0,0,1,a3aa7db3-a135-11e9-9cda-0a87ae2ba916,0,13,08/05/2024 12:09 AM,4,1,0
0,1,2.0,1,3,1.0,0,1,a3a453fa-a135-11e9-9cda-0a87ae2ba916,2,23,08/05/2024 12:09 AM,3,0,2
1,1,0.0,1,7,0.0,0,1,a3b0104c-a135-11e9-9cda-0a87ae2ba916,1,7,08/05/2024 12:09 AM,6,1,0
1,1,1.0,1,10,0.0,0,1,a3aad940-a135-11e9-9cda-0a87ae2ba916,3,1,08/05/2024 12:09 AM,9,1,1
3,1,0.0,1,6,0.0,0,1,a3b1db23-a135-11e9-9cda-0a87ae2ba916,1,4,08/05/2024 12:09 AM,3,3,0
1,1,0.0,1,8,0.0,0,1,a3af9f99-a135-11e9-9cda-0a87ae2ba916,2,1,08/05/2024 12:09 AM,7,1,0
0,1,1.0,1,4,0.0,0,1,a3acd078-a135-11e9-9cda-0a87ae2ba916,1,5,08/05/2024 12:09 AM,4,0,0
0,1,0.0,1,1,0.0,0,1,2f5957e4-e83a-4d5a-b073-ec9422989315,0,14,08/05/2024 12:09 AM,1,0,0
2,1,0.0,1,15,0.0,0,1,a3a3c174-a135-11e9-9cda-0a87ae2ba916,0,0,08/05/2024 12:09 AM,13,2,0
2,1,4.0,1,5,0.0,0,1,a3a85eda-a135-11e9-9cda-0a87ae2ba916,1,5,08/05/2024 12:09 AM,3,2,0
3,1,3.0,1,4,0.0,0,1,a3aa9732-a135-11e9-9cda-0a87ae2ba916,1,11,08/05/2024 12:09 AM,1,3,3
0,1,0.0,1,2,0.0,0,1,a3b28b4a-a135-11e9-9cda-0a87ae2ba916,1,8,08/05/2024 12:09 AM,2,0,0
4,1,0.0,1,8,0.0,0,1,a3af1cec-a135-11e9-9cda-0a87ae2ba916,2,1,08/05/2024 12:09 AM,4,4,0
1,1,1.0,1,3,0.0,0,1,a3a5eb69-a135-11e9-9cda-0a87ae2ba916,4,24,08/05/2024 12:09 AM,2,1,0
1,1,1.0,1,14,0.0,0,1,a3acbc0b-a135-11e9-9cda-0a87ae2ba916,1,3,08/05/2024 12:09 AM,13,1,0
1,1,0.0,1,3,0.0,0,1,a3b128de-a135-11e9-9cda-0a87ae2ba916,0,8,08/05/2024 12:09 AM,2,1,0
1,1,0.0,1,5,0.0,0,1,a3afe6ed-a135-11e9-9cda-0a87ae2ba916,0,10,08/05/2024 12:09 AM,4,1,0
2,1,0.0,1,7,0.0,0,1,1955904736576827886,4,4,08/05/2024 12:09 AM,5,2,0
0,1,1.0,1,24,2.0,0,1,a3a4591a-a135-11e9-9cda-0a87ae2ba916,0,16,08/05/2024 12:09 AM,24,0,1
1,1,0.0,1,1,0.0,0,1,a3b0f5c9-a135-11e9-9cda-0a87ae2ba916,1,5,08/05/2024 12:09 AM,0,1,0
2,1,2.0,1,14,0.0,0,1,a3aa2abb-a135-11e9-9cda-0a87ae2ba916,1,2,08/05/2024 12:09 AM,12,2,0
1,1,0.0,1,7,0.0,0,1,0eeb6baf-c653-4a1a-af17-99f686116b89,3,5,08/05/2024 12:09 AM,6,1,0
0,1,3.0,1,2,1.0,0,1,1863878044896486356,0,9,08/05/2024 12:09 AM,2,0,0
1,1,0.0,1,3,0.0,0,1,a3add365-a135-11e9-9cda-0a87ae2ba916,0,8,08/05/2024 12:09 AM,2,1,0
0,1,0.0,1,0,1.0,0,1,a3a9e44a-a135-11e9-9cda-0a87ae2ba916,0,30,08/05/2024 12:09 AM,0,0,0
2,1,0.0,1,7,0.0,0,1,0f9b826b-8885-4c25-96fd-9e2c2074c34e,0,8,08/05/2024 12:09 AM,5,2,0
2,1,0.0,1,2,0.0,0,1,4b4b0d88-80e0-4ef9-a8d1-cdd6a16722f9,8,5,08/05/2024 12:09 AM,0,2,0
0,1,1.0,1,0,0.0,0,1,a3a3e158-a135-11e9-9cda-0a87ae2ba916,1,22,08/05/2024 12:09 AM,0,0,1
0,1,0.0,1,3,1.0,0,1,a3b424f6-a135-11e9-9cda-0a87ae2ba916,5,6,08/05/2024 12:09 AM,3,0,0
1,1,0.0,1,4,0.0,0,1,1927695368784189454,0,11,08/05/2024 12:09 AM,3,1,0
0,1,0.0,1,2,0.0,0,1,6849c4e2-cffa-432b-8d83-5c0524594b4f,1,12,08/05/2024 12:09 AM,2,0,0
0,1,0.0,1,0,0.0,0,1,a3b372b1-a135-11e9-9cda-0a87ae2ba916,3,11,08/05/2024 12:09 AM,0,0,0
1,1,0.0,1,2,0.0,0,1,bc4d498d-c272-4474-beca-10e5268e7253,1,12,08/05/2024 12:09 AM,1,1,0
9,1,0.0,1,14,0.0,0,1,a3aa692e-a135-11e9-9cda-0a87ae2ba916,1,0,08/05/2024 12:09 AM,5,9,0
1,1,2.0,1,10,0.0,0,1,9e1fbaaa-e872-4505-ada6-5080e62bef77,2,17,08/05/2024 12:09 AM,9,1,0
2,1,2.0,1,3,0.0,0,1,a3a6f2a2-a135-11e9-9cda-0a87ae2ba916,5,5,08/05/2024 12:09 AM,1,2,0
2,1,0.0,1,6,0.0,0,1,bbf9b599-1873-4133-b670-a0ef9e5c429c,0,9,08/05/2024 12:09 AM,4,2,0
0,1,0.0,1,0,1.0,0,1,a3a593fc-a135-11e9-9cda-0a87ae2ba916,3,23,08/05/2024 12:09 AM,0,0,0
1,1,0.0,1,4,0.0,0,1,a3a7a4fc-a135-11e9-9cda-0a87ae2ba916,0,7,08/05/2024 12:09 AM,3,1,0
2,1,1.0,1,6,1.0,0,1,a3a59915-a135-11e9-9cda-0a87ae2ba916,2,9,08/05/2024 12:09 AM,4,2,1
4,1,0.0,1,11,0.0,0,1,a3b0e657-a135-11e9-9cda-0a87ae2ba916,2,6,08/05/2024 12:09 AM,7,4,0
3,1,1.0,1,12,0.0,0,1,a3a94bc8-a135-11e9-9cda-0a87ae2ba916,0,2,08/05/2024 12:09 AM,9,3,0
0,1,1.0,1,0,0.0,0,1,a3a37378-a135-11e9-9cda-0a87ae2ba916,6,49,08/05/2024 12:09 AM,0,0,0
0,1,0.0,1,8,1.0,0,1,a3ac9834-a135-11e9-9cda-0a87ae2ba916,0,3,08/05/2024 12:09 AM,8,0,0
2,1,0.0,1,5,0.0,0,1,1932441844638063332,0,10,08/05/2024 12:09 AM,3,2,0
0,1,0.0,1,3,0.0,0,1,6997d1fb-9887-4c15-b5db-524d45a2f101,1,11,08/05/2024 12:09 AM,3,0,0
3,1,0.0,1,4,0.0,0,1,1962563227519515280,2,9,08/05/2024 12:09 AM,1,3,0
1,1,0.0,1,6,0.0,0,1,a3b24c1f-a135-11e9-9cda-0a87ae2ba916,0,5,08/05/2024 12:09 AM,5,1,0
4,1,1.0,1,11,0.0,0,1,1945087711550943880,0,3,08/05/2024 12:09 AM,7,4,0
2,1,0.0,1,4,1.0,0,1,a3a86c05-a135-11e9-9cda-0a87ae2ba916,2,20,08/05/2024 12:09 AM,2,2,0
3,1,0.0,1,8,0.0,0,1,a3a9ecff-a135-11e9-9cda-0a87ae2ba916,5,2,08/05/2024 12:09 AM,5,3,0
0,1,0.0,1,5,0.0,0,1,7dc58bb9-24de-4544-9a12-c3975139370f,0,10,08/05/2024 12:09 AM,5,0,0
3,1,2.0,1,6,0.0,0,1,1934289552037596050,0,7,08/05/2024 12:09 AM,3,3,0
8,1,1.0,1,10,0.0,0,1,a3af4b26-a135-11e9-9cda-0a87ae2ba916,1,3,08/05/2024 12:09 AM,2,8,0
0,1,1.0,1,1,0.0,0,1,a3a503e5-a135-11e9-9cda-0a87ae2ba916,2,13,08/05/2024 12:09 AM,1,0,1
1,1,0.0,1,5,1.0,0,1,a3aac4f9-a135-11e9-9cda-0a87ae2ba916,2,16,08/05/2024 12:09 AM,4,1,0
0,1,0.0,1,0,0.0,0,1,a3a513e9-a135-11e9-9cda-0a87ae2ba916,2,29,08/05/2024 12:09 AM,0,0,0
2,1,0.0,1,5,0.0,0,1,a3af9064-a135-11e9-9cda-0a87ae2ba916,1,4,08/05/2024 12:09 AM,3,2,0
0,1,0.0,1,3,0.0,0,1,34dc92b5-7cb7-4536-856b-46644d31b48c,0,12,08/05/2024 12:09 AM,3,0,0
0,1,0.0,1,5,0.0,0,1,a3b2dcf0-a135-11e9-9cda-0a87ae2ba916,0,6,08/05/2024 12:09 AM,5,0,0
3,1,2.0,1,21,0.0,0,1,a3a482fb-a135-11e9-9cda-0a87ae2ba916,2,2,08/05/2024 12:10 AM,18,3,2
0,1,0.0,1,0,0.0,0,1,a3a40ad8-a135-11e9-9cda-0a87ae2ba916,2,24,08/05/2024 12:10 AM,0,0,0
0,1,0.0,1,3,0.0,0,1,a3b143aa-a135-11e9-9cda-0a87ae2ba916,1,7,08/05/2024 12:10 AM,3,0,0
1,1,0.0,1,4,0.0,0,1,a3a3983e-a135-11e9-9cda-0a87ae2ba916,5,2,08/05/2024 12:10 AM,3,1,0
2,1,1.0,1,2,6.0,0,1,a3a4d588-a135-11e9-9cda-0a87ae2ba916,12,17,08/05/2024 12:09 AM,0,2,1
4,1,3.0,1,20,0.0,0,1,a3a4cb42-a135-11e9-9cda-0a87ae2ba916,0,0,08/05/2024 12:09 AM,16,4,3
4,1,0.0,1,5,0.0,0,1,1861997616150114834,0,10,08/05/2024 12:09 AM,1,4,0
3,1,0.0,1,6,0.0,0,1,1934009488956756950,0,9,08/05/2024 12:09 AM,3,3,0
0,1,0.0,1,2,0.0,0,1,1942112671760511044,0,13,08/05/2024 12:09 AM,2,0,0
8,1,0.0,1,12,1.0,0,1,a3a6ce53-a135-11e9-9cda-0a87ae2ba916,2,0,08/05/2024 12:10 AM,4,8,0
2,1,1.0,1,12,1.0,0,1,a3a56075-a135-11e9-9cda-0a87ae2ba916,0,13,08/05/2024 12:10 AM,10,2,1
3,1,0.0,1,5,0.0,0,1,1867227665093179888,8,2,08/05/2024 12:10 AM,2,3,0
0,0,0.0,0,0,6.0,0,0,a3a3d1b8-a135-11e9-9cda-0a87ae2ba916,10,0,08/05/2024 12:10 AM,0,0,0
1,1,0.0,1,5,0.0,0,1,a3ae82e0-a135-11e9-9cda-0a87ae2ba916,2,4,08/05/2024 12:10 AM,4,1,0
1,1,1.0,1,6,0.0,0,1,a3ad9ad9-a135-11e9-9cda-0a87ae2ba916,0,4,08/05/2024 12:10 AM,5,1,0
1,1,1.0,1,9,0.0,0,1,a3a55b3e-a135-11e9-9cda-0a87ae2ba916,1,16,08/05/2024 12:10 AM,8,0,1
0,1,8.0,1,8,0.0,0,1,a3a5ce97-a135-11e9-9cda-0a87ae2ba916,3,0,08/05/2024 12:10 AM,8,0,8
1,1,0.0,1,1,0.0,0,1,1968516035938026380,1,13,08/05/2024 12:10 AM,0,1,0
0,1,,1,0,,2,1,1975534535703495210,0,14,08/05/2024 12:10 AM,0,0,0
5,1,0.0,1,10,0.0,0,1,a3b43eb7-a135-11e9-9cda-0a87ae2ba916,1,0,08/05/2024 12:10 AM,5,5,0
0,1,0.0,1,2,0.0,0,1,a3a39d55-a135-11e9-9cda-0a87ae2ba916,2,11,08/05/2024 12:10 AM,2,0,0
0,1,0.0,1,4,0.0,0,1,a3a781a6-a135-11e9-9cda-0a87ae2ba916,0,7,08/05/2024 12:10 AM,4,0,0
0,1,0.0,1,4,0.0,0,1,1945088454548058244,2,9,08/05/2024 12:10 AM,4,0,0
1,1,1.0,1,2,0.0,0,1,1932130426977611818,1,11,08/05/2024 12:10 AM,1,1,0
2,1,1.0,1,5,1.0,0,1,a3a405a1-a135-11e9-9cda-0a87ae2ba916,0,12,08/05/2024 12:10 AM,3,2,1
0,1,0.0,1,14,0.0,0,1,a3a4bbba-a135-11e9-9cda-0a87ae2ba916,0,8,08/05/2024 12:10 AM,14,0,0
1,1,0.0,1,5,0.0,0,1,1962566331666471698,0,10,08/05/2024 12:10 AM,4,1,0
0,1,0.0,1,4,0.0,0,1,a3b4aa91-a135-11e9-9cda-0a87ae2ba916,0,3,08/05/2024 12:10 AM,4,0,0
0,1,0.0,1,0,2.0,0,1,a3a9d529-a135-11e9-9cda-0a87ae2ba916,3,18,08/05/2024 12:10 AM,0,0,0
0,1,0.0,1,3,0.0,0,1,1879437308430949172,8,4,08/05/2024 12:10 AM,3,0,0
1,1,0.0,1,7,0.0,0,1,a3ada52f-a135-11e9-9cda-0a87ae2ba916,1,3,08/05/2024 12:10 AM,6,1,0
2,1,0.0,1,7,0.0,0,1,1958859802548216454,0,8,08/05/2024 12:10 AM,5,2,0
0,1,0.0,1,2,0.0,0,1,a3af6c2f-a135-11e9-9cda-0a87ae2ba916,0,13,08/05/2024 12:10 AM,2,0,0
0,1,0.0,1,2,0.0,0,1,a3b42f5f-a135-11e9-9cda-0a87ae2ba916,0,9,08/05/2024 12:10 AM,2,0,0
0,1,,1,0,,0,1,a3a974e1-a135-11e9-9cda-0a87ae2ba916,0,19,08/05/2024 12:10 AM,0,0,0
0,1,0.0,1,0,0.0,0,1,a3a7b936-a135-11e9-9cda-0a87ae2ba916,3,8,08/05/2024 12:10 AM,0,0,0
1,1,2.0,1,4,0.0,0,1,a3a7258b-a135-11e9-9cda-0a87ae2ba916,3,6,08/05/2024 12:10 AM,3,1,2
1,1,0.0,1,4,0.0,0,1,1945195574597886460,0,11,08/05/2024 12:10 AM,3,1,0
3,1,0.0,1,4,0.0,0,1,ad9f8858-dc27-43ca-8fdc-78044b22f1fc,3,8,08/05/2024 12:10 AM,1,3,0
0,1,,1,0,,0,1,a3a786ac-a135-11e9-9cda-0a87ae2ba916,0,19,08/05/2024 12:10 AM,0,0,0
0,1,0.0,1,0,2.0,0,1,a3a43f48-a135-11e9-9cda-0a87ae2ba916,4,37,08/05/2024 12:10 AM,0,0,0
1,1,0.0,1,3,0.0,0,1,a3ac4a7c-a135-11e9-9cda-0a87ae2ba916,1,7,08/05/2024 12:10 AM,2,1,0
6,1,0.0,1,9,0.0,0,1,1928795714838393816,0,6,08/05/2024 12:10 AM,3,6,0
0,1,0.0,1,4,0.0,0,1,a3b4afb6-a135-11e9-9cda-0a87ae2ba916,2,9,08/05/2024 12:10 AM,4,0,0
1,1,2.0,1,2,2.0,0,1,a3a38363-a135-11e9-9cda-0a87ae2ba916,14,17,08/05/2024 12:10 AM,1,1,2
1,1,0.0,1,1,2.0,0,1,a3a50ec8-a135-11e9-9cda-0a87ae2ba916,1,43,08/05/2024 12:10 AM,0,1,0
3,1,0.0,1,5,1.0,0,1,a3a9a24f-a135-11e9-9cda-0a87ae2ba916,0,9,08/05/2024 12:10 AM,2,3,0
3,1,0.0,1,4,0.0,0,1,1931391724317609988,0,11,08/05/2024 12:10 AM,1,3,0
2,1,1.0,1,6,0.0,0,1,a3a9da3b-a135-11e9-9cda-0a87ae2ba916,1,11,08/05/2024 12:10 AM,4,2,1
2,1,0.0,1,4,0.0,0,1,1932113567217736592,2,9,08/05/2024 12:10 AM,2,2,0
2,1,0.0,1,7,0.0,0,1,a3aa0699-a135-11e9-9cda-0a87ae2ba916,7,8,08/05/2024 12:10 AM,5,2,0
2,1,0.0,1,4,0.0,0,1,a3b2659d-a135-11e9-9cda-0a87ae2ba916,0,7,08/05/2024 12:10 AM,2,2,0
4,1,0.0,1,7,0.0,0,1,a3b2e72c-a135-11e9-9cda-0a87ae2ba916,7,1,08/05/2024 12:10 AM,3,4,0
1,1,1.0,1,9,0.0,0,1,a3a5e353-a135-11e9-9cda-0a87ae2ba916,0,5,08/05/2024 12:10 AM,8,1,1
0,1,0.0,1,0,0.0,0,1,a3a37e26-a135-11e9-9cda-0a87ae2ba916,2,21,08/05/2024 12:10 AM,0,0,0
2,1,1.0,1,2,2.0,0,1,1936560950769470316,0,11,08/05/2024 12:10 AM,0,2,0
0,1,0.0,1,2,0.0,0,1,1936566487749193740,0,13,08/05/2024 12:10 AM,2,0,0
2,1,2.0,1,9,0.0,0,1,a3b4a579-a135-11e9-9cda-0a87ae2ba916,1,3,08/05/2024 12:10 AM,7,2,0
1,1,1.0,1,3,0.0,0,1,a3ada002-a135-11e9-9cda-0a87ae2ba916,3,4,08/05/2024 12:10 AM,2,1,0
0,1,0.0,1,7,0.0,0,1,a3a7be40-a135-11e9-9cda-0a87ae2ba916,2,6,08/05/2024 12:10 AM,7,1,0
0,1,0.0,1,0,1.0,0,1,a3a78bc0-a135-11e9-9cda-0a87ae2ba916,2,52,08/05/2024 12:10 AM,0,0,0
1,1,2.0,1,9,0.0,0,1,a3af1767-a135-11e9-9cda-0a87ae2ba916,1,11,08/05/2024 12:10 AM,8,1,0
0,1,0.0,1,3,0.0,0,1,1929934715947649384,0,12,08/05/2024 12:10 AM,3,0,0
0,1,,1,0,,0,1,1970688691992443350,0,15,08/05/2024 12:10 AM,0,0,0
3,1,1.0,1,4,0.0,0,1,a3af76f8-a135-11e9-9cda-0a87ae2ba916,0,10,08/05/2024 12:10 AM,1,3,0
0,1,0.0,1,4,0.0,0,1,1951050538021341810,0,7,08/05/2024 12:10 AM,4,0,0
1,1,0.0,1,1,0.0,0,1,a3afa4c3-a135-11e9-9cda-0a87ae2ba916,3,11,08/05/2024 12:10 AM,0,1,0
3,1,0.0,1,4,0.0,0,1,a3b1cf80-a135-11e9-9cda-0a87ae2ba916,0,7,08/05/2024 12:10 AM,1,3,0
0,1,0.0,1,9,0.0,0,1,a3a9bbf0-a135-11e9-9cda-0a87ae2ba916,0,6,08/05/2024 12:10 AM,9,0,0
5,1,1.0,1,5,0.0,0,1,1974452106772983826,0,6,08/05/2024 12:07 AM,0,5,0
1,1,0.0,1,3,0.0,0,1,1970337111172100194,2,10,08/05/2024 12:08 AM,2,1,0
0,1,0.0,1,3,0.0,0,1,1943243743326460398,0,12,08/05/2024 12:08 AM,3,0,0
1,1,2.0,1,9,0.0,0,1,a3aa7897-a135-11e9-9cda-0a87ae2ba916,2,10,08/05/2024 12:08 AM,8,1,2
2,1,0.0,1,7,0.0,0,1,1929119555906179916,3,5,08/05/2024 12:08 AM,5,2,0
1,1,0.0,1,1,0.0,0,1,1955505344233296752,0,14,08/05/2024 12:08 AM,0,1,0
0,1,0.0,1,3,0.0,0,1,a3ad5764-a135-11e9-9cda-0a87ae2ba916,0,8,08/05/2024 12:08 AM,3,0,0
0,1,0.0,1,2,0.0,0,1,a3ad2322-a135-11e9-9cda-0a87ae2ba916,1,12,08/05/2024 12:08 AM,2,0,0
0,1,0.0,1,2,0.0,0,1,a3ad0ecb-a135-11e9-9cda-0a87ae2ba916,2,7,08/05/2024 12:08 AM,2,0,0
2,1,4.0,1,4,0.0,0,1,1929537544978749446,4,3,08/05/2024 12:08 AM,2,2,0
0,1,0.0,1,0,1.0,0,1,1789242536879942642,3,15,08/05/2024 12:08 AM,0,0,0
3,1,0.0,1,20,0.0,0,1,a3a523a6-a135-11e9-9cda-0a87ae2ba916,0,11,08/05/2024 12:08 AM,17,3,0
0,1,0.0,1,0,1.0,0,1,a3a41af5-a135-11e9-9cda-0a87ae2ba916,1,37,08/05/2024 12:08 AM,0,0,0
4,1,0.0,1,6,0.0,0,1,1942481603584237586,3,6,08/05/2024 12:08 AM,2,4,0
0,1,0.0,1,1,0.0,0,1,a3ade7de-a135-11e9-9cda-0a87ae2ba916,0,6,08/05/2024 12:08 AM,1,0,0
2,1,0.0,1,3,0.0,0,1,a3ad3d08-a135-11e9-9cda-0a87ae2ba916,0,12,08/05/2024 12:08 AM,1,2,0
1,1,0.0,1,6,0.0,0,1,1884621142190397936,3,6,08/05/2024 12:08 AM,5,1,0
3,1,2.0,1,12,0.0,0,1,a3a89ea8-a135-11e9-9cda-0a87ae2ba916,1,4,08/05/2024 12:09 AM,9,3,0
9,1,0.0,1,10,0.0,0,1,1928767416660546464,0,5,08/05/2024 12:09 AM,1,9,0
0,1,0.0,1,4,0.0,0,1,1966261229814532840,1,10,08/05/2024 12:09 AM,4,0,0
1,1,0.0,1,5,0.0,0,1,a3adb9a3-a135-11e9-9cda-0a87ae2ba916,0,14,08/05/2024 12:09 AM,4,1,0
1,1,3.0,1,6,0.0,0,1,a3a6c910-a135-11e9-9cda-0a87ae2ba916,3,3,08/05/2024 12:09 AM,5,1,0
1,1,1.0,1,10,2.0,0,1,a3a81d33-a135-11e9-9cda-0a87ae2ba916,1,5,08/05/2024 12:09 AM,9,1,1
4,1,0.0,1,5,0.0,0,1,1942494597574009470,0,10,08/05/2024 12:09 AM,1,4,0
1,1,0.0,1,3,0.0,0,1,d53ae727-5265-4b8e-a6ca-2a36dc0345c4,0,29,08/05/2024 12:09 AM,2,0,0
0,1,0.0,1,6,0.0,0,1,1879442377117973296,3,2,08/05/2024 12:09 AM,6,0,0
0,1,,1,0,,0,1,a3aabfe3-a135-11e9-9cda-0a87ae2ba916,0,19,08/05/2024 12:09 AM,0,0,0
4,1,0.0,1,9,0.0,0,1,a3a6de38-a135-11e9-9cda-0a87ae2ba916,1,1,08/05/2024 12:09 AM,5,4,0
6,1,0.0,1,13,0.0,0,1,a3aade4c-a135-11e9-9cda-0a87ae2ba916,6,0,08/05/2024 12:09 AM,7,6,0
0,1,0.0,1,0,0.0,0,1,a3a72fc4-a135-11e9-9cda-0a87ae2ba916,2,17,08/05/2024 12:09 AM,0,0,0
0,1,1.0,1,1,0.0,0,1,b8c74f86-2873-4818-88ac-81d9ae374add,0,18,08/05/2024 12:09 AM,0,0,1
0,1,,1,0,,0,1,a3acc133-a135-11e9-9cda-0a87ae2ba916,0,31,08/05/2024 12:09 AM,0,0,0
0,1,1.0,1,3,0.0,0,1,1955858510671552648,0,11,08/05/2024 12:09 AM,3,0,0
0,1,1.0,1,11,0.0,0,1,a3a49cd7-a135-11e9-9cda-0a87ae2ba916,2,5,08/05/2024 12:09 AM,11,0,1
0,1,0.0,1,1,0.0,0,1,1863877673940343638,1,13,08/05/2024 12:09 AM,1,0,0
0,1,0.0,1,6,0.0,0,1,4fcebf8a-b065-4cd1-a167-211a45ada30e,1,8,08/05/2024 12:09 AM,6,0,0
0,1,0.0,1,3,0.0,0,1,a3b2a9e7-a135-11e9-9cda-0a87ae2ba916,3,5,08/05/2024 12:09 AM,3,0,0
0,1,0.0,1,0,0.0,0,1,a3a50991-a135-11e9-9cda-0a87ae2ba916,2,30,08/05/2024 12:09 AM,0,0,0
0,1,0.0,1,7,0.0,0,1,a3af8b51-a135-11e9-9cda-0a87ae2ba916,3,5,08/05/2024 12:09 AM,7,0,0
1,1,0.0,1,9,0.0,0,1,a3ae7dc3-a135-11e9-9cda-0a87ae2ba916,2,4,08/05/2024 12:09 AM,8,1,0
2,1,2.0,1,12,0.0,0,1,a3af40f1-a135-11e9-9cda-0a87ae2ba916,0,1,08/05/2024 12:09 AM,10,2,0
2,1,4.0,1,15,0.0,0,1,a3a51934-a135-11e9-9cda-0a87ae2ba916,0,0,08/05/2024 12:09 AM,13,2,4
0,1,0.0,1,0,0.0,0,1,a3a4499f-a135-11e9-9cda-0a87ae2ba916,1,13,08/05/2024 12:09 AM,0,0,0
1,1,1.0,1,8,0.0,0,1,a3b0060d-a135-11e9-9cda-0a87ae2ba916,1,5,08/05/2024 12:09 AM,7,1,0
0,1,0.0,1,7,0.0,0,1,a3ad66e6-a135-11e9-9cda-0a87ae2ba916,0,4,08/05/2024 12:09 AM,7,0,0
0,1,0.0,1,1,0.0,0,1,a3a4203a-a135-11e9-9cda-0a87ae2ba916,1,17,08/05/2024 12:09 AM,1,0,0
0,1,,1,0,,0,1,a3b213af-a135-11e9-9cda-0a87ae2ba916,0,7,08/05/2024 12:09 AM,0,0,0
0,1,0.0,1,4,0.0,0,1,080ab938-2c1b-4fcf-a83d-74c5ae6ff305,0,11,08/05/2024 12:09 AM,4,0,0
5,1,2.0,1,11,0.0,0,1,a3ac8dfb-a135-11e9-9cda-0a87ae2ba916,2,1,08/05/2024 12:09 AM,6,4,2
0,1,1.0,1,17,0.0,0,1,a3a478c9-a135-11e9-9cda-0a87ae2ba916,0,1,08/05/2024 12:09 AM,17,0,1
1,1,0.0,1,2,0.0,0,1,d6456ded-180b-4d6e-b020-3aa80bce5c2c,0,13,08/05/2024 12:09 AM,1,1,0
0,1,4.0,1,5,0.0,0,1,a3ae923d-a135-11e9-9cda-0a87ae2ba916,1,5,08/05/2024 12:09 AM,5,0,0
1,1,2.0,1,2,0.0,0,1,a3aa259c-a135-11e9-9cda-0a87ae2ba916,3,8,08/05/2024 12:09 AM,1,1,0
7,1,1.0,1,8,1.0,0,1,a3aa54a0-a135-11e9-9cda-0a87ae2ba916,0,1,08/05/2024 12:09 AM,1,7,0
4,1,5.0,1,7,0.0,0,1,a3a7537c-a135-11e9-9cda-0a87ae2ba916,10,0,08/05/2024 12:09 AM,3,4,5
0,1,1.0,1,5,1.0,0,1,a3b35e21-a135-11e9-9cda-0a87ae2ba916,1,6,08/05/2024 12:09 AM,5,0,1
2,1,0.0,1,3,0.0,0,1,a3a3dc37-a135-11e9-9cda-0a87ae2ba916,4,8,08/05/2024 12:09 AM,1,2,0
0,1,0.0,1,8,0.0,0,1,7c56e4d5-92ee-4129-9a3a-d2ce89eab31d,0,7,08/05/2024 12:09 AM,8,0,0
5,1,0.0,1,10,0.0,0,1,2a80f8d9-85dc-4c36-ba07-86d775ffd1ee,2,3,08/05/2024 12:09 AM,5,5,0
3,1,0.0,1,5,0.0,0,1,a3ae78ab-a135-11e9-9cda-0a87ae2ba916,0,6,08/05/2024 12:09 AM,2,3,0
4,1,0.0,1,5,0.0,0,1,a3b2c354-a135-11e9-9cda-0a87ae2ba916,1,5,08/05/2024 12:09 AM,1,4,0
4,1,0.0,1,8,0.0,0,1,a3aad436-a135-11e9-9cda-0a87ae2ba916,3,8,08/05/2024 12:09 AM,4,4,0
1,1,0.0,1,11,1.0,0,1,a3a5b9d3-a135-11e9-9cda-0a87ae2ba916,1,2,08/05/2024 12:09 AM,10,1,0
1,1,0.0,1,1,0.0,0,1,a3b27bcf-a135-11e9-9cda-0a87ae2ba916,6,4,08/05/2024 12:09 AM,0,1,0
0,1,0.0,1,6,0.0,0,1,1879441011318372516,2,3,08/05/2024 12:09 AM,6,0,0
5,1,1.0,1,9,1.0,0,1,a3b024aa-a135-11e9-9cda-0a87ae2ba916,1,3,08/05/2024 12:09 AM,4,5,0
0,1,0.0,1,8,0.0,0,1,a3a43a25-a135-11e9-9cda-0a87ae2ba916,3,0,08/05/2024 12:09 AM,8,0,0
0,1,,1,0,,0,1,1976649188502348766,0,14,08/05/2024 12:09 AM,0,0,0
0,1,1.0,1,4,1.0,0,1,a3a640d1-a135-11e9-9cda-0a87ae2ba916,2,19,08/05/2024 12:09 AM,4,0,1
1,1,1.0,1,6,0.0,0,1,a3a7c852-a135-11e9-9cda-0a87ae2ba916,0,8,08/05/2024 12:09 AM,5,1,1
0,1,0.0,1,11,1.0,0,1,a3aa82d0-a135-11e9-9cda-0a87ae2ba916,0,11,08/05/2024 12:09 AM,11,0,0
1,1,0.0,1,4,0.0,0,1,a3ad327e-a135-11e9-9cda-0a87ae2ba916,1,6,08/05/2024 12:09 AM,3,1,0
8,1,1.0,1,18,0.0,0,1,a3a4e4e3-a135-11e9-9cda-0a87ae2ba916,0,0,08/05/2024 12:09 AM,10,8,1
5,1,1.0,1,6,0.0,0,1,a3ae8d13-a135-11e9-9cda-0a87ae2ba916,1,3,08/05/2024 12:09 AM,1,5,0
8,1,0.0,1,17,0.0,0,1,a3a4ef26-a135-11e9-9cda-0a87ae2ba916,2,0,08/05/2024 12:09 AM,9,8,0
0,1,1.0,1,8,0.0,0,1,a3a3d6f0-a135-11e9-9cda-0a87ae2ba916,2,3,08/05/2024 12:09 AM,8,0,1
0,1,0.0,1,9,2.0,1,1,a3a53324-a135-11e9-9cda-0a87ae2ba916,1,42,08/05/2024 12:09 AM,9,0,0
0,1,1.0,1,4,0.0,0,1,a3b43478-a135-11e9-9cda-0a87ae2ba916,0,2,08/05/2024 12:09 AM,4,0,0
1,1,0.0,1,4,1.0,0,1,1ce9b7b2-6ef1-4e3b-abd4-85dedaf0ee65,5,5,08/05/2024 12:09 AM,3,1,0
1,1,0.0,1,5,0.0,0,1,56eccb5b-f4d7-43c5-b554-a6a0a7585e5e,1,9,08/05/2024 12:09 AM,4,1,0
0,1,2.0,1,3,0.0,0,1,a3a743ff-a135-11e9-9cda-0a87ae2ba916,0,10,08/05/2024 12:09 AM,3,0,2
0,1,0.0,1,5,0.0,0,1,1943243414585123730,1,9,08/05/2024 12:09 AM,5,0,0
1,1,4.0,1,4,0.0,0,1,1861996658372408268,0,7,08/05/2024 12:09 AM,3,1,0
0,1,0.0,1,2,0.0,0,1,aea853ed-c70c-4b1b-a7a8-d33869d8d58d,1,12,08/05/2024 12:09 AM,2,0,0
3,1,0.0,1,4,0.0,0,1,1958859390231356014,0,11,08/05/2024 12:09 AM,1,3,0
4,1,2.0,1,10,0.0,0,1,a3aa453c-a135-11e9-9cda-0a87ae2ba916,1,10,08/05/2024 12:10 AM,6,4,0
0,1,0.0,1,1,0.0,0,1,a3a80009-a135-11e9-9cda-0a87ae2ba916,0,10,08/05/2024 12:09 AM,1,0,0
0,1,0.0,1,0,0.0,0,1,a3a7aa0e-a135-11e9-9cda-0a87ae2ba916,2,9,08/05/2024 12:10 AM,0,0,0
0,1,2.0,1,7,0.0,0,1,a3a4b164-a135-11e9-9cda-0a87ae2ba916,0,18,08/05/2024 12:10 AM,7,0,2
1,1,0.0,1,5,0.0,0,1,1872722290312745226,5,5,08/05/2024 12:10 AM,4,1,0
1,1,3.0,1,20,0.0,0,1,a3a7eba7-a135-11e9-9cda-0a87ae2ba916,0,0,08/05/2024 12:10 AM,19,1,3
1,1,2.0,1,10,1.0,0,1,532a6e43-6efc-4c87-81a8-c75dfd8e8fde,1,1,08/05/2024 12:09 AM,9,1,0
0,1,1.0,1,4,1.0,0,1,a3acdff9-a135-11e9-9cda-0a87ae2ba916,2,3,08/05/2024 12:10 AM,4,0,0
0,1,0.0,1,2,0.0,0,1,a3b1f4fb-a135-11e9-9cda-0a87ae2ba916,0,9,08/05/2024 12:10 AM,2,0,0
3,1,0.0,1,5,0.0,0,1,1871992684446460008,0,10,08/05/2024 12:10 AM,2,3,0
0,1,0.0,1,2,0.0,0,1,a3adc925-a135-11e9-9cda-0a87ae2ba916,0,13,08/05/2024 12:10 AM,2,0,0
0,1,0.0,1,5,0.0,0,1,8a677aec-442b-47b8-aff7-50852e1d26c0,0,6,08/05/2024 12:10 AM,5,0,0
0,1,0.0,1,1,2.0,0,1,a3a3888b-a135-11e9-9cda-0a87ae2ba916,5,10,08/05/2024 12:10 AM,1,0,0
0,1,0.0,1,4,0.0,0,1,a3b2044b-a135-11e9-9cda-0a87ae2ba916,1,6,08/05/2024 12:10 AM,4,0,0
2,1,1.0,1,9,0.0,0,1,a3aaaba2-a135-11e9-9cda-0a87ae2ba916,2,2,08/05/2024 12:10 AM,7,2,0
0,1,0.0,1,0,0.0,0,1,a3b25b6d-a135-11e9-9cda-0a87ae2ba916,5,2,08/05/2024 12:10 AM,0,0,0
2,1,1.0,1,3,0.0,0,1,a3afcd70-a135-11e9-9cda-0a87ae2ba916,0,11,08/05/2024 12:10 AM,1,2,0
8,1,0.0,1,11,1.0,0,1,a3a57f6b-a135-11e9-9cda-0a87ae2ba916,1,3,08/05/2024 12:10 AM,3,8,0
4,1,0.0,1,8,0.0,0,1,a3adaa52-a135-11e9-9cda-0a87ae2ba916,0,3,08/05/2024 12:10 AM,4,4,0
1,1,0.0,1,5,1.0,0,1,a3a72aad-a135-11e9-9cda-0a87ae2ba916,2,35,08/05/2024 12:10 AM,4,1,0
0,1,0.0,1,5,0.0,0,1,1963672958015783854,2,8,08/05/2024 12:10 AM,5,0,0
0,1,0.0,1,3,0.0,0,1,a3b4497a-a135-11e9-9cda-0a87ae2ba916,0,8,08/05/2024 12:10 AM,3,0,0
0,1,2.0,1,5,0.0,0,1,a3acc649-a135-11e9-9cda-0a87ae2ba916,0,4,08/05/2024 12:10 AM,5,0,0
0,1,1.0,1,3,0.0,0,1,a3a7faf7-a135-11e9-9cda-0a87ae2ba916,0,11,08/05/2024 12:10 AM,3,0,1
2,1,0.0,1,9,0.0,0,1,a3b01f9c-a135-11e9-9cda-0a87ae2ba916,0,6,08/05/2024 12:10 AM,7,2,0
0,1,0.0,1,3,0.0,0,1,1932441496569160306,0,12,08/05/2024 12:10 AM,3,0,0
0,1,0.0,1,4,0.0,0,1,1963650659022207484,0,11,08/05/2024 12:10 AM,4,0,0
1,1,3.0,1,2,0.0,0,1,1936565171921396140,1,5,08/05/2024 12:10 AM,1,1,0
0,1,0.0,1,2,0.0,0,1,a3b12dfb-a135-11e9-9cda-0a87ae2ba916,0,9,08/05/2024 12:10 AM,2,0,0
2,1,0.0,1,2,0.0,0,1,1890604055552786620,0,13,08/05/2024 12:10 AM,0,2,0
0,1,0.0,1,4,0.0,0,1,a3accb60-a135-11e9-9cda-0a87ae2ba916,0,7,08/05/2024 12:10 AM,4,0,0
2,1,0.0,1,8,0.0,0,1,a3b305e7-a135-11e9-9cda-0a87ae2ba916,1,6,08/05/2024 12:10 AM,6,2,0
0,1,0.0,1,8,0.0,0,1,a3aa6e51-a135-11e9-9cda-0a87ae2ba916,2,9,08/05/2024 12:10 AM,8,0,0
0,1,0.0,1,0,0.0,0,1,a3a9d00a-a135-11e9-9cda-0a87ae2ba916,1,34,08/05/2024 12:10 AM,0,0,0
0,1,0.0,1,2,0.0,0,1,1929968520492991056,0,13,08/05/2024 12:10 AM,2,0,0
11,1,2.0,1,29,1.0,0,1,a3a734ce-a135-11e9-9cda-0a87ae2ba916,4,3,08/05/2024 12:10 AM,18,11,2
3,1,0.0,1,10,0.0,0,1,13820eba-039d-4231-9228-005ab0f4e451,4,2,08/05/2024 12:10 AM,6,3,0
5,1,0.0,1,6,0.0,0,1,8759a858-d7eb-4382-b38f-2223c3f9e25d,3,6,08/05/2024 12:10 AM,1,5,0
2,1,1.0,1,12,0.0,0,1,a3a74947-a135-11e9-9cda-0a87ae2ba916,1,1,08/05/2024 12:10 AM,10,2,1
4,1,2.0,1,9,0.0,0,1,a3a96fd5-a135-11e9-9cda-0a87ae2ba916,0,1,08/05/2024 12:10 AM,5,3,2
5,1,0.0,1,8,0.0,0,1,97818a9b-0f86-44df-98e6-1bc16812e3d9,4,7,08/05/2024 12:10 AM,3,5,0
0,1,0.0,1,2,0.0,0,1,1962991219412381958,0,9,08/05/2024 12:10 AM,2,0,0
2,1,0.0,1,14,0.0,0,1,a3a84ab4-a135-11e9-9cda-0a87ae2ba916,0,1,08/05/2024 12:10 AM,12,2,0
0,1,0.0,1,1,0.0,0,1,a3a87631-a135-11e9-9cda-0a87ae2ba916,0,14,08/05/2024 12:10 AM,1,0,0
0,1,1.0,1,10,1.0,0,1,a3a53d70-a135-11e9-9cda-0a87ae2ba916,0,9,08/05/2024 12:10 AM,10,0,0
3,1,3.0,1,5,0.0,0,1,a3a9309d-a135-11e9-9cda-0a87ae2ba916,1,8,08/05/2024 12:10 AM,2,3,0
4,1,2.0,1,16,0.0,0,1,a3aa2ff4-a135-11e9-9cda-0a87ae2ba916,1,0,08/05/2024 12:10 AM,12,4,2
1,1,0.0,1,1,0.0,0,1,a3aacf29-a135-11e9-9cda-0a87ae2ba916,2,24,08/05/2024 12:10 AM,0,1,0
2,1,0.0,1,3,0.0,0,1,1945195369201185184,0,12,08/05/2024 12:10 AM,1,2,0
0,1,0.0,1,3,0.0,0,1,a3a9892f-a135-11e9-9cda-0a87ae2ba916,1,35,08/05/2024 12:10 AM,3,0,0
1,1,0.0,1,5,0.0,0,1,1938034793873535334,3,7,08/05/2024 12:10 AM,4,1,0
3,1,0.0,1,5,0.0,0,1,1936560098166245516,6,4,08/05/2024 12:10 AM,2,3,0
1,1,0.0,1,7,0.0,0,1,a3aa017e-a135-11e9-9cda-0a87ae2ba916,1,3,08/05/2024 12:10 AM,6,1,0
2,1,0.0,1,6,0.0,0,1,a3a817dc-a135-11e9-9cda-0a87ae2ba916,1,8,08/05/2024 12:10 AM,4,2,0
0,1,0.0,1,0,0.0,0,1,a3a47dde-a135-11e9-9cda-0a87ae2ba916,2,20,08/05/2024 12:10 AM,0,0,0
1,1,2.0,1,1,0.0,0,1,1890604506489868740,2,10,08/05/2024 12:10 AM,0,1,0
3,1,0.0,1,10,0.0,0,1,a3a4fec3-a135-11e9-9cda-0a87ae2ba916,0,9,08/05/2024 12:10 AM,7,3,0
0,1,4.0,1,8,0.0,0,1,a3a4b693-a135-11e9-9cda-0a87ae2ba916,1,9,08/05/2024 12:10 AM,8,0,4
1,1,0.0,1,6,0.0,0,1,a3a73ef1-a135-11e9-9cda-0a87ae2ba916,0,9,08/05/2024 12:10 AM,5,1,0
2,1,0.0,1,4,0.0,0,1,1879438378503419960,0,7,08/05/2024 12:10 AM,2,2,0
2,1,0.0,1,3,0.0,0,1,1866476160171649058,0,9,08/05/2024 12:10 AM,1,2,0
0,1,0.0,1,6,0.0,0,1,48b2ed2f-18aa-4a9b-b27d-db9f6d0c8c16,0,9,08/05/2024 12:10 AM,6,0,0
2,1,2.0,1,10,0.0,0,1,a3a84fb8-a135-11e9-9cda-0a87ae2ba916,0,7,08/05/2024 12:10 AM,8,2,0
4,1,0.0,1,14,0.0,0,1,a3ac4024-a135-11e9-9cda-0a87ae2ba916,0,1,08/05/2024 12:10 AM,10,4,0
0,1,0.0,1,5,0.0,0,1,a4f9ba74-f1cc-4b6a-90ad-78cacd45d3e1,2,8,08/05/2024 12:10 AM,5,0,0
1,1,2.0,1,10,0.0,0,1,a3af368c-a135-11e9-9cda-0a87ae2ba916,2,1,08/05/2024 12:10 AM,9,1,0
0,1,0.0,1,7,0.0,0,1,10327d47-3c3a-433e-9e38-80638da64232,8,0,08/05/2024 12:10 AM,7,0,0
0,1,0.0,1,7,0.0,0,1,95185a0d-da45-406a-a892-6b37b0d29fa8,2,6,08/05/2024 12:10 AM,7,0,0
0,1,0.0,1,5,0.0,0,1,1936560522747919086,6,4,08/05/2024 12:10 AM,5,0,0
0,1,0.0,1,0,0.0,0,1,a3a46361-a135-11e9-9cda-0a87ae2ba916,1,34,08/05/2024 12:10 AM,0,0,0
2,1,0.0,1,2,0.0,0,1,1954768541828039308,3,10,08/05/2024 12:08 AM,0,2,0
3,1,0.0,1,4,0.0,0,1,a2aa2a53-3439-459b-9345-c21435e99a72,3,8,08/05/2024 12:08 AM,1,3,0
0,1,1.0,1,5,0.0,0,1,a3aa1b5b-a135-11e9-9cda-0a87ae2ba916,1,8,08/05/2024 12:08 AM,5,0,0
3,1,0.0,1,8,0.0,0,1,1939575808945160592,2,5,08/05/2024 12:08 AM,5,3,0
4,1,1.0,1,13,0.0,0,1,a3affb22-a135-11e9-9cda-0a87ae2ba916,0,5,08/05/2024 12:08 AM,9,4,0
7,1,2.0,1,11,0.0,0,1,a3a93b6d-a135-11e9-9cda-0a87ae2ba916,0,2,08/05/2024 12:08 AM,4,7,0
5,1,2.0,1,13,0.0,0,1,a3a767b1-a135-11e9-9cda-0a87ae2ba916,0,0,08/05/2024 12:08 AM,8,5,2
0,1,0.0,1,3,0.0,0,1,a3a54cdb-a135-11e9-9cda-0a87ae2ba916,0,8,08/05/2024 12:08 AM,3,0,0
3,1,0.0,1,7,0.0,0,1,a3b4a05c-a135-11e9-9cda-0a87ae2ba916,0,8,08/05/2024 12:08 AM,4,3,0
1,1,0.0,1,2,0.0,0,1,cec28069-2a36-48e1-bcec-2364b44834c4,7,6,08/05/2024 12:08 AM,1,1,0
3,1,0.0,1,3,0.0,0,1,a3b2cd97-a135-11e9-9cda-0a87ae2ba916,3,5,08/05/2024 12:08 AM,0,3,0
0,1,0.0,1,5,0.0,0,1,1861593053874186306,1,9,08/05/2024 12:08 AM,5,0,0
0,1,0.0,1,10,0.0,0,1,03a1610c-3ba0-4b85-b512-bc26791cb7ee,0,5,08/05/2024 12:08 AM,10,0,0
0,1,0.0,1,1,0.0,0,1,1859717767703464460,0,14,08/05/2024 12:08 AM,1,0,0
1,1,3.0,1,2,0.0,0,1,a3b0fff9-a135-11e9-9cda-0a87ae2ba916,0,6,08/05/2024 12:08 AM,1,1,0
1,1,1.0,1,7,0.0,0,1,1838613156025764214,0,7,08/05/2024 12:08 AM,6,1,0
14,1,4.0,1,20,0.0,0,1,a3a95669-a135-11e9-9cda-0a87ae2ba916,2,1,08/05/2024 12:08 AM,6,14,0
4,1,1.0,1,17,0.0,0,1,a3aa4a58-a135-11e9-9cda-0a87ae2ba916,1,1,08/05/2024 12:08 AM,13,4,0
0,1,0.0,1,0,0.0,0,1,a3a42fa7-a135-11e9-9cda-0a87ae2ba916,1,15,08/05/2024 12:08 AM,0,0,0
2,1,0.0,1,5,0.0,0,1,a3b2a4ca-a135-11e9-9cda-0a87ae2ba916,0,6,08/05/2024 12:08 AM,3,2,0
2,1,1.0,1,18,0.0,0,1,a3ac54af-a135-11e9-9cda-0a87ae2ba916,3,1,08/05/2024 12:08 AM,16,2,1
1,1,3.0,1,1,0.0,0,1,a3af71a9-a135-11e9-9cda-0a87ae2ba916,1,6,08/05/2024 12:09 AM,0,1,0
2,1,0.0,1,5,0.0,0,1,4c57c316-82a8-4b9d-a16c-ae7922a2057a,0,10,08/05/2024 12:09 AM,3,2,0
0,1,0.0,1,8,0.0,0,1,a3a56ae5-a135-11e9-9cda-0a87ae2ba916,0,11,08/05/2024 12:09 AM,8,0,0
7,1,0.0,1,10,0.0,0,1,1936552997477483122,1,4,08/05/2024 12:09 AM,3,7,0
0,1,0.0,1,8,0.0,0,1,a3a4a71e-a135-11e9-9cda-0a87ae2ba916,3,13,08/05/2024 12:08 AM,8,0,0
2,1,0.0,1,6,0.0,0,1,a3b0ccad-a135-11e9-9cda-0a87ae2ba916,2,3,08/05/2024 12:08 AM,4,2,0
0,1,1.0,1,6,0.0,0,1,a3a95b7a-a135-11e9-9cda-0a87ae2ba916,1,7,08/05/2024 12:09 AM,6,0,0
0,1,0.0,1,1,0.0,0,1,a3a98e37-a135-11e9-9cda-0a87ae2ba916,0,10,08/05/2024 12:09 AM,1,0,0
2,1,0.0,1,9,0.0,0,1,a3acb6f3-a135-11e9-9cda-0a87ae2ba916,1,5,08/05/2024 12:09 AM,7,2,0
0,1,2.0,1,1,0.0,0,1,a3a7b41d-a135-11e9-9cda-0a87ae2ba916,0,12,08/05/2024 12:09 AM,1,0,0
4,1,0.0,1,11,0.0,0,1,a3ad8fd9-a135-11e9-9cda-0a87ae2ba916,2,6,08/05/2024 12:09 AM,7,4,0
1,1,1.0,1,4,0.0,0,1,a3a840a6-a135-11e9-9cda-0a87ae2ba916,18,0,08/05/2024 12:09 AM,3,1,0
12,1,0.0,1,15,0.0,0,1,1933956482619414962,0,0,08/05/2024 12:09 AM,3,12,0
5,1,0.0,1,6,0.0,0,1,a3a95142-a135-11e9-9cda-0a87ae2ba916,0,9,08/05/2024 12:09 AM,1,5,0
0,1,0.0,1,0,0.0,0,1,1934289745311123692,1,14,08/05/2024 12:09 AM,0,0,0
0,1,3.0,1,1,1.0,0,1,a3a7f5ea-a135-11e9-9cda-0a87ae2ba916,0,14,08/05/2024 12:09 AM,1,0,0
1,1,1.0,1,16,0.0,0,1,a3a3cbac-a135-11e9-9cda-0a87ae2ba916,6,0,08/05/2024 12:09 AM,15,1,1
3,1,1.0,1,5,0.0,0,1,1927730149429352986,0,9,08/05/2024 12:09 AM,2,3,0
4,1,2.0,1,12,0.0,0,1,a3aa3adf-a135-11e9-9cda-0a87ae2ba916,1,8,08/05/2024 12:09 AM,8,4,0
2,1,0.0,1,11,0.0,0,1,a3afdcbf-a135-11e9-9cda-0a87ae2ba916,2,2,08/05/2024 12:09 AM,9,2,0
2,1,0.0,1,9,1.0,0,1,a3a83698-a135-11e9-9cda-0a87ae2ba916,1,8,08/05/2024 12:09 AM,7,2,0
0,1,0.0,1,2,0.0,0,1,1872721938125427506,2,11,08/05/2024 12:09 AM,2,0,0
2,1,0.0,1,4,0.0,0,1,a3a80f32-a135-11e9-9cda-0a87ae2ba916,0,15,08/05/2024 12:09 AM,2,2,0
2,1,1.0,1,3,0.0,0,1,1859027847673133268,2,5,08/05/2024 12:09 AM,1,2,0
0,1,1.0,1,0,0.0,0,1,a3a98429-a135-11e9-9cda-0a87ae2ba916,2,12,08/05/2024 12:09 AM,0,0,0
1,1,0.0,1,2,0.0,0,1,1936582699682930930,2,11,08/05/2024 12:09 AM,1,1,0
2,1,2.0,1,4,1.0,0,1,a3b443ce-a135-11e9-9cda-0a87ae2ba916,1,3,08/05/2024 12:09 AM,2,2,0
0,1,2.0,1,8,2.0,0,1,a3a60f7e-a135-11e9-9cda-0a87ae2ba916,5,6,08/05/2024 12:09 AM,8,0,2
0,1,0.0,1,3,0.0,0,1,a3a83181-a135-11e9-9cda-0a87ae2ba916,0,12,08/05/2024 12:09 AM,3,0,0
0,0,0.0,1,0,0.0,0,0,a3ad47f8-a135-11e9-9cda-0a87ae2ba916,7,4,08/04/2024 11:13 PM,0,0,0
0,1,3.0,1,7,0.0,0,1,1927347094828755902,0,5,08/05/2024 12:09 AM,7,0,0
0,1,0.0,1,1,0.0,0,1,a3a9df3a-a135-11e9-9cda-0a87ae2ba916,2,12,08/05/2024 12:09 AM,1,0,0
1,1,1.0,1,4,0.0,0,1,a3afe1dc-a135-11e9-9cda-0a87ae2ba916,1,5,08/05/2024 12:09 AM,3,1,0
0,1,0.0,1,0,1.0,0,1,a3b39bb0-a135-11e9-9cda-0a87ae2ba916,3,7,08/05/2024 12:09 AM,0,0,0
1,1,0.0,1,5,0.0,0,1,a3afebff-a135-11e9-9cda-0a87ae2ba916,4,2,08/05/2024 12:09 AM,4,1,0
2,1,0.0,1,14,0.0,0,1,a3aaa17b-a135-11e9-9cda-0a87ae2ba916,4,1,08/05/2024 12:09 AM,12,2,0
1,1,0.0,1,6,0.0,0,1,a3ad37c2-a135-11e9-9cda-0a87ae2ba916,0,5,08/05/2024 12:09 AM,5,1,0
0,1,1.0,1,2,0.0,0,1,a3b123c5-a135-11e9-9cda-0a87ae2ba916,0,8,08/05/2024 12:09 AM,2,0,0
0,1,0.0,1,1,0.0,0,1,1962566552401003212,1,13,08/05/2024 12:09 AM,1,0,0
2,1,0.0,1,5,0.0,0,1,1929516918167933834,1,5,08/05/2024 12:09 AM,3,2,0
1,1,0.0,1,5,0.0,0,1,a3b2513d-a135-11e9-9cda-0a87ae2ba916,1,1,08/05/2024 12:09 AM,4,1,0
1,1,2.0,1,2,0.0,0,1,1970337315463389684,0,11,08/05/2024 12:09 AM,1,1,0
1,1,0.0,1,7,0.0,0,1,bbb67562-1f82-4dfa-a532-231ddc35444e,1,7,08/05/2024 12:09 AM,6,1,0
2,1,0.0,1,10,0.0,0,1,a3af3bac-a135-11e9-9cda-0a87ae2ba916,2,3,08/05/2024 12:09 AM,8,2,0
2,1,0.0,1,2,0.0,0,1,a3b44eba-a135-11e9-9cda-0a87ae2ba916,1,4,08/05/2024 12:09 AM,0,2,0
3,1,0.0,1,8,0.0,0,1,a3a9984a-a135-11e9-9cda-0a87ae2ba916,0,3,08/05/2024 12:09 AM,5,3,0
1,1,0.0,1,4,0.0,0,1,a3a710c5-a135-11e9-9cda-0a87ae2ba916,0,11,08/05/2024 12:09 AM,3,1,0
4,1,0.0,1,11,0.0,0,1,a3af7c0e-a135-11e9-9cda-0a87ae2ba916,0,4,08/05/2024 12:09 AM,7,4,0
0,1,0.0,1,2,1.0,0,1,a3a58495-a135-11e9-9cda-0a87ae2ba916,0,24,08/05/2024 12:09 AM,2,0,0
0,1,0.0,1,3,0.0,0,1,a3b2af02-a135-11e9-9cda-0a87ae2ba916,0,8,08/05/2024 12:09 AM,3,0,0
1,1,0.0,1,1,0.0,0,1,1945194351261708978,0,14,08/05/2024 12:09 AM,0,1,0
12,1,0.0,1,13,0.0,0,1,1870193411073343610,1,1,08/05/2024 12:09 AM,1,12,0
2,1,0.0,1,4,0.0,0,1,a3b4963f-a135-11e9-9cda-0a87ae2ba916,0,11,08/05/2024 12:09 AM,2,2,0
4,1,0.0,1,6,0.0,0,1,a3acf4eb-a135-11e9-9cda-0a87ae2ba916,1,4,08/05/2024 12:09 AM,2,4,0
2,1,2.0,1,8,0.0,0,1,a3adaf6b-a135-11e9-9cda-0a87ae2ba916,0,9,08/05/2024 12:09 AM,6,2,0
0,1,0.0,1,0,0.0,0,1,a3a70bbd-a135-11e9-9cda-0a87ae2ba916,4,15,08/05/2024 12:09 AM,0,0,0
3,1,0.0,1,10,0.0,0,1,a3a87b3f-a135-11e9-9cda-0a87ae2ba916,0,4,08/05/2024 12:09 AM,7,3,0
0,1,1.0,1,11,1.0,0,1,a3a79fdc-a135-11e9-9cda-0a87ae2ba916,3,14,08/05/2024 12:09 AM,11,0,1
4,1,3.0,1,7,1.0,0,1,a3a639f5-a135-11e9-9cda-0a87ae2ba916,0,0,08/05/2024 12:09 AM,3,4,3
0,1,0.0,1,0,1.0,0,1,a3a945c0-a135-11e9-9cda-0a87ae2ba916,5,33,08/05/2024 12:09 AM,0,0,0
4,1,0.0,1,6,0.0,0,1,a3a762a1-a135-11e9-9cda-0a87ae2ba916,0,5,08/05/2024 12:09 AM,2,4,0
0,1,0.0,1,11,0.0,0,1,a3a555e8-a135-11e9-9cda-0a87ae2ba916,0,4,08/05/2024 12:09 AM,11,0,0
0,0,0.0,1,0,1.0,0,0,a3a74e60-a135-11e9-9cda-0a87ae2ba916,9,21,08/04/2024 08:49 PM,0,0,0
2,1,1.0,1,9,0.0,0,1,1866822399451882164,1,4,08/05/2024 12:09 AM,7,2,0
1,1,0.0,1,10,0.0,0,1,a3a5c96f-a135-11e9-9cda-0a87ae2ba916,4,1,08/05/2024 12:09 AM,9,1,0
0,1,1.0,1,13,0.0,0,1,a3ad1900-a135-11e9-9cda-0a87ae2ba916,0,0,08/05/2024 12:09 AM,13,0,1
0,1,0.0,1,6,0.0,0,1,cefa52d6-b185-4969-89a6-20eb65f5c294,0,9,08/05/2024 12:09 AM,6,0,0
3,1,0.0,1,6,1.0,0,1,a3a6002c-a135-11e9-9cda-0a87ae2ba916,2,6,08/05/2024 12:09 AM,3,3,0
0,1,0.0,1,4,0.0,0,1,a3a9b6e9-a135-11e9-9cda-0a87ae2ba916,0,11,08/05/2024 12:09 AM,4,0,0
0,1,0.0,1,2,0.0,0,1,a3b23263-a135-11e9-9cda-0a87ae2ba916,0,9,08/05/2024 12:09 AM,2,0,0
0,1,3.0,1,3,0.0,0,1,a3afa9dc-a135-11e9-9cda-0a87ae2ba916,0,9,08/05/2024 12:09 AM,3,0,0
1,1,1.0,1,4,0.0,0,1,1932088872431302840,1,9,08/05/2024 12:09 AM,3,1,0
0,1,2.0,1,9,0.0,0,1,a3a3fb5d-a135-11e9-9cda-0a87ae2ba916,3,0,08/05/2024 12:09 AM,9,0,2
1,1,0.0,1,5,0.0,0,1,1885794833713023406,1,7,08/05/2024 12:09 AM,4,1,0
1,1,1.0,1,8,0.0,0,1,a3a9f256-a135-11e9-9cda-0a87ae2ba916,8,2,08/05/2024 12:09 AM,7,1,1
4,1,0.0,1,6,0.0,0,1,1879439147302566804,0,5,08/05/2024 12:09 AM,2,4,0
0,1,1.0,1,2,0.0,0,1,a3a790cc-a135-11e9-9cda-0a87ae2ba916,0,28,08/05/2024 12:09 AM,2,0,1
4,1,0.0,1,15,1.0,0,1,a3a9607f-a135-11e9-9cda-0a87ae2ba916,5,10,08/05/2024 12:09 AM,11,4,0
2,1,1.0,1,12,0.0,0,1,a3ac1bc9-a135-11e9-9cda-0a87ae2ba916,0,2,08/05/2024 12:09 AM,10,2,0
1,1,0.0,1,3,0.0,0,1,1934288056893243658,5,7,08/05/2024 12:09 AM,2,1,0
3,1,1.0,1,10,1.0,0,1,a3a6ed98-a135-11e9-9cda-0a87ae2ba916,2,1,08/05/2024 12:09 AM,7,3,0
0,1,0.0,1,2,0.0,0,1,1869786699581020630,2,11,08/05/2024 12:09 AM,2,0,0
4,1,0.0,1,8,0.0,0,1,a3b3a0c8-a135-11e9-9cda-0a87ae2ba916,1,2,08/05/2024 12:09 AM,4,4,0
1,1,0.0,1,10,0.0,0,1,a3a940a2-a135-11e9-9cda-0a87ae2ba916,4,1,08/05/2024 12:09 AM,9,1,0
1,1,2.0,1,7,0.0,0,1,a3aa1623-a135-11e9-9cda-0a87ae2ba916,9,1,08/05/2024 12:09 AM,6,1,0
0,1,0.0,1,6,0.0,0,1,a3b4590f-a135-11e9-9cda-0a87ae2ba916,0,5,08/05/2024 12:09 AM,6,0,0
0,1,0.0,1,1,0.0,0,1,a3aded13-a135-11e9-9cda-0a87ae2ba916,0,10,08/05/2024 12:09 AM,1,0,0
1,1,0.0,1,7,0.0,0,1,a3ad09b2-a135-11e9-9cda-0a87ae2ba916,1,3,08/05/2024 12:09 AM,6,1,0
1,1,0.0,1,4,0.0,0,1,a3b1e588-a135-11e9-9cda-0a87ae2ba916,2,5,08/05/2024 12:09 AM,3,1,0
0,1,3.0,1,0,1.0,0,1,a3a3c696-a135-11e9-9cda-0a87ae2ba916,3,8,08/05/2024 12:09 AM,0,0,3
0,1,0.0,1,7,0.0,0,1,b09832de-1c8e-4b92-bd72-bd98dc80b92c,0,8,08/05/2024 12:09 AM,7,0,0
1,1,0.0,1,12,1.0,0,1,a3a60a65-a135-11e9-9cda-0a87ae2ba916,5,1,08/05/2024 12:10 AM,11,1,0
1,1,1.0,1,22,0.0,0,1,a3a4a202-a135-11e9-9cda-0a87ae2ba916,3,1,08/05/2024 12:10 AM,21,1,1
3,1,2.0,1,8,1.0,0,1,a3a40088-a135-11e9-9cda-0a87ae2ba916,0,11,08/05/2024 12:10 AM,5,3,2
3,1,0.0,1,7,0.0,0,1,a3ae687f-a135-11e9-9cda-0a87ae2ba916,0,4,08/05/2024 12:10 AM,4,3,0
0,1,0.0,1,9,0.0,0,1,a3a9cafa-a135-11e9-9cda-0a87ae2ba916,1,5,08/05/2024 12:10 AM,9,0,0
1,1,0.0,1,11,0.0,0,1,a3aaf2ac-a135-11e9-9cda-0a87ae2ba916,4,0,08/05/2024 12:10 AM,10,1,0
1,1,1.0,1,5,0.0,0,1,a3a715ce-a135-11e9-9cda-0a87ae2ba916,0,9,08/05/2024 12:10 AM,4,1,1
1,1,1.0,1,2,0.0,0,1,a3a7d782-a135-11e9-9cda-0a87ae2ba916,0,4,08/05/2024 12:10 AM,1,1,1
0,1,0.0,1,2,0.0,0,1,a3b2767f-a135-11e9-9cda-0a87ae2ba916,1,8,08/05/2024 12:10 AM,2,0,0
0,1,0.0,1,5,0.0,0,1,a3b26fee-a135-11e9-9cda-0a87ae2ba916,5,1,08/05/2024 12:10 AM,5,0,0
1,1,0.0,1,5,0.0,0,1,a3b0b291-a135-11e9-9cda-0a87ae2ba916,2,8,08/05/2024 12:10 AM,4,1,0
1,1,4.0,1,4,0.0,0,1,1939172360789937026,2,5,08/05/2024 12:10 AM,3,1,0
0,1,0.0,1,3,0.0,0,1,1957713517347478034,9,11,08/05/2024 12:10 AM,3,0,0
6,1,0.0,1,9,0.0,0,1,a3b1330c-a135-11e9-9cda-0a87ae2ba916,0,2,08/05/2024 12:10 AM,3,6,0
1,1,0.0,1,2,0.0,0,1,a3a93622-a135-11e9-9cda-0a87ae2ba916,0,13,08/05/2024 12:10 AM,1,1,0
0,1,1.0,1,3,0.0,0,1,1887668523852444498,0,7,08/05/2024 12:10 AM,3,0,0
3,1,5.0,1,7,0.0,0,1,a3a6d884-a135-11e9-9cda-0a87ae2ba916,2,1,08/05/2024 12:10 AM,4,3,0
2,1,0.0,1,7,0.0,0,1,a3a845b0-a135-11e9-9cda-0a87ae2ba916,3,13,08/05/2024 12:10 AM,5,2,0
0,1,0.0,1,0,1.0,0,1,a3a44476-a135-11e9-9cda-0a87ae2ba916,3,19,08/05/2024 12:10 AM,0,0,0
1,1,3.0,1,15,0.0,0,1,a3a4739d-a135-11e9-9cda-0a87ae2ba916,2,6,08/05/2024 12:10 AM,14,1,3
0,1,0.0,1,2,0.0,0,1,a3a5428e-a135-11e9-9cda-0a87ae2ba916,3,30,08/05/2024 12:10 AM,2,0,0
0,1,0.0,1,10,0.0,0,1,a3a51e6e-a135-11e9-9cda-0a87ae2ba916,0,5,08/05/2024 12:10 AM,10,0,0
2,1,1.0,1,5,0.0,0,1,1945194573870506886,0,9,08/05/2024 12:10 AM,3,2,0
3,1,1.0,1,5,0.0,0,1,a3b0b801-a135-11e9-9cda-0a87ae2ba916,0,5,08/05/2024 12:10 AM,2,3,0
3,1,0.0,1,3,0.0,0,1,1934288340856818638,2,10,08/05/2024 12:10 AM,0,3,0
0,1,1.0,1,6,1.0,0,1,a3ac88db-a135-11e9-9cda-0a87ae2ba916,2,1,08/05/2024 12:10 AM,6,0,1
0,1,0.0,1,3,0.0,0,1,a3aaed81-a135-11e9-9cda-0a87ae2ba916,1,15,08/05/2024 12:10 AM,3,0,0
0,1,0.0,1,5,0.0,0,1,a3aae870-a135-11e9-9cda-0a87ae2ba916,0,10,08/05/2024 12:10 AM,5,0,0
1,1,0.0,1,3,0.0,0,1,a3adc3f6-a135-11e9-9cda-0a87ae2ba916,1,7,08/05/2024 12:10 AM,2,1,0
2,1,2.0,1,16,0.0,0,1,a3b029be-a135-11e9-9cda-0a87ae2ba916,1,0,08/05/2024 12:10 AM,14,2,0
0,1,0.0,1,0,2.0,0,1,a3b36d8a-a135-11e9-9cda-0a87ae2ba916,0,41,08/05/2024 12:10 AM,0,0,0
0,1,1.0,1,0,0.0,0,1,a3a634dd-a135-11e9-9cda-0a87ae2ba916,4,10,08/05/2024 12:10 AM,0,0,1
2,1,1.0,1,4,0.0,0,1,a3b1ca28-a135-11e9-9cda-0a87ae2ba916,2,4,08/05/2024 12:10 AM,2,2,0
0,1,,1,0,,0,1,1965903932548317228,0,15,08/05/2024 12:10 AM,0,0,0
0,1,0.0,1,3,0.0,0,1,a3a99346-a135-11e9-9cda-0a87ae2ba916,1,7,08/05/2024 12:10 AM,3,0,0
3,1,3.0,1,8,0.0,0,1,a3aafccb-a135-11e9-9cda-0a87ae2ba916,5,0,08/05/2024 12:10 AM,5,3,0
3,1,0.0,1,12,0.0,0,1,1859718111300847802,1,2,08/05/2024 12:10 AM,9,3,0
0,1,0.0,1,3,0.0,0,1,a3b0e141-a135-11e9-9cda-0a87ae2ba916,0,8,08/05/2024 12:10 AM,3,0,0
6,1,0.0,1,8,0.0,0,1,a3b2fbb6-a135-11e9-9cda-0a87ae2ba916,2,5,08/05/2024 12:10 AM,2,6,0
0,1,0.0,1,4,0.0,0,1,a3b11ea4-a135-11e9-9cda-0a87ae2ba916,0,7,08/05/2024 12:10 AM,4,0,0
3,1,0.0,1,7,0.0,0,1,a3b1050d-a135-11e9-9cda-0a87ae2ba916,7,1,08/05/2024 12:10 AM,4,3,0
1,1,4.0,1,1,1.0,0,1,1958859960485118844,0,9,08/05/2024 12:10 AM,0,1,0
2,1,0.0,1,5,0.0,0,1,1955583912707186772,0,10,08/05/2024 12:10 AM,3,2,0
0,1,0.0,1,2,0.0,0,1,1963672098315411610,0,13,08/05/2024 12:10 AM,2,0,0
5,1,0.0,1,10,0.0,0,1,a3aa640c-a135-11e9-9cda-0a87ae2ba916,0,9,08/05/2024 12:10 AM,5,5,0
0,1,0.0,1,0,1.0,0,1,a3a5bf01-a135-11e9-9cda-0a87ae2ba916,0,21,08/05/2024 12:10 AM,0,0,0
0,1,0.0,1,2,0.0,0,1,a3aff10c-a135-11e9-9cda-0a87ae2ba916,0,9,08/05/2024 12:10 AM,2,0,0
0,1,0.0,1,5,0.0,0,1,a3ac0fff-a135-11e9-9cda-0a87ae2ba916,0,14,08/05/2024 12:10 AM,5,0,0
0,1,0.0,1,18,2.0,0,1,a3a739e4-a135-11e9-9cda-0a87ae2ba916,4,7,08/05/2024 12:10 AM,18,0,0
0,1,6.0,1,4,0.0,0,1,1952605912741636714,4,1,08/05/2024 12:10 AM,4,0,0
2,1,0.0,1,9,0.0,0,1,a3b2f15e-a135-11e9-9cda-0a87ae2ba916,1,5,08/05/2024 12:10 AM,7,2,0
1,1,0.0,1,1,0.0,0,1,1931403472863201974,1,13,08/05/2024 12:10 AM,0,1,0
0,1,0.0,1,7,0.0,0,1,1879439877447006990,7,1,08/05/2024 12:10 AM,7,0,0
8,1,0.0,1,10,0.0,0,1,a3ae6e48-a135-11e9-9cda-0a87ae2ba916,0,1,08/05/2024 12:10 AM,2,8,0
3,1,2.0,1,15,0.0,0,1,a3a80a1e-a135-11e9-9cda-0a87ae2ba916,4,3,08/05/2024 12:10 AM,12,3,0
0,1,0.0,1,11,0.0,0,1,1963305045676278322,1,3,08/05/2024 12:10 AM,11,0,0
0,1,1.0,1,1,0.0,0,1,a3ace51b-a135-11e9-9cda-0a87ae2ba916,0,9,08/05/2024 12:10 AM,1,0,0
3,1,0.0,1,8,0.0,0,1,59019cbc-47d4-4743-afb2-e71e9767df0c,0,7,08/05/2024 12:10 AM,5,3,0
0,1,0.0,1,6,0.0,0,1,a3afaef3-a135-11e9-9cda-0a87ae2ba916,3,10,08/05/2024 12:10 AM,6,0,0
4,1,0.0,1,4,0.0,0,1,1942539875938640858,4,7,08/05/2024 12:10 AM,0,4,0
5,1,0.0,1,7,1.0,0,1,a3aa2078-a135-11e9-9cda-0a87ae2ba916,3,4,08/05/2024 12:10 AM,2,5,0
2,1,1.0,1,14,0.0,0,1,a3b01578-a135-11e9-9cda-0a87ae2ba916,2,2,08/05/2024 12:10 AM,12,2,0
2,1,0.0,1,13,1.0,0,1,a3ac6f28-a135-11e9-9cda-0a87ae2ba916,1,4,08/05/2024 12:10 AM,11,2,0
0,1,0.0,1,0,0.0,0,1,a3a7775b-a135-11e9-9cda-0a87ae2ba916,1,26,08/05/2024 12:10 AM,0,0,0
0,1,0.0,1,4,0.0,0,1,1872723419889143870,0,11,08/05/2024 12:10 AM,4,0,0
2,1,0.0,1,7,0.0,0,1,a3b2ec43-a135-11e9-9cda-0a87ae2ba916,0,8,08/05/2024 12:10 AM,5,2,0
5,1,0.0,1,5,0.0,0,1,1890602768178733256,5,5,08/05/2024 12:10 AM,0,5,0
2,1,1.0,1,5,0.0,0,1,a3ac213b-a135-11e9-9cda-0a87ae2ba916,1,8,08/05/2024 12:10 AM,3,2,0
1,1,2.0,1,5,0.0,0,1,a3a5fb0d-a135-11e9-9cda-0a87ae2ba916,2,5,08/05/2024 12:10 AM,4,1,2
0,1,,1,0,,3,1,1976680841729198100,0,13,08/05/2024 12:10 AM,0,0,0
0,1,0.0,1,3,0.0,0,1,a5a5cb39-a6ee-45bc-96a0-6455ae111bad,1,11,08/05/2024 12:10 AM,3,0,0
5,1,0.0,1,11,0.0,0,1,a3a71b0a-a135-11e9-9cda-0a87ae2ba916,0,0,08/05/2024 12:10 AM,6,5,0
1,1,0.0,1,5,0.0,0,1,62cb5f1d-7dcb-4fe1-849f-d928288d73b9,2,8,08/05/2024 12:10 AM,4,1,0
7,1,2.0,1,14,0.0,0,1,a3aab0b6-a135-11e9-9cda-0a87ae2ba916,0,3,08/05/2024 12:10 AM,7,7,0
0,1,0.0,1,2,1.0,0,1,a3a4881d-a135-11e9-9cda-0a87ae2ba916,0,12,08/05/2024 12:10 AM,2,0,0
1,1,0.0,1,3,0.0,0,1,a3adb48a-a135-11e9-9cda-0a87ae2ba916,0,8,08/05/2024 12:10 AM,2,1,0
2,1,2.0,1,8,1.0,0,1,a3a9fc75-a135-11e9-9cda-0a87ae2ba916,2,6,08/05/2024 12:10 AM,6,2,2
2,1,2.0,1,9,0.0,0,1,a3a7e69e-a135-11e9-9cda-0a87ae2ba916,0,0,08/05/2024 12:10 AM,7,2,0
3,1,0.0,1,7,0.0,0,1,ee925757-31ce-41ad-9bb7-73b1bb363616,0,4,08/05/2024 12:10 AM,4,3,0
5,1,1.0,1,9,0.0,0,1,a3ae737f-a135-11e9-9cda-0a87ae2ba916,5,0,08/05/2024 12:10 AM,4,5,0
0,1,0.0,1,6,0.0,0,1,a3b1e065-a135-11e9-9cda-0a87ae2ba916,0,5,08/05/2024 12:10 AM,6,0,0
5,1,0.0,1,15,0.0,0,1,a3a701b8-a135-11e9-9cda-0a87ae2ba916,0,0,08/05/2024 12:10 AM,10,5,0
4,1,0.0,1,4,0.0,0,1,1594046456822715150,0,5,01/22/2023 09:46 PM,0,4,0
1,1,0.0,1,1,0.0,0,1,1715846718385914740,0,1,01/22/2023 09:46 PM,0,1,0
0,1,0.0,1,0,0.0,0,1,1806753657092916058,1,1,05/01/2023 03:06 PM,0,0,0
0,1,1.0,1,0,0.0,0,1,1674190621799099446,0,2,01/22/2023 09:45 PM,0,0,0
0,1,,1,0,,0,1,1674190591734328324,0,2,01/22/2023 09:46 PM,0,0,0
0,1,,1,0,,0,1,1715823783999366064,0,1,01/22/2023 09:44 PM,0,0,0
2,1,0.0,1,2,0.0,0,1,1594046426757944042,1,0,01/22/2023 09:45 PM,0,2,0
0,1,0.0,1,0,,0,1,1674190209482238320,0,2,01/22/2023 09:44 PM,0,0,0
8,1,0.0,1,8,0.0,0,1,1521679584953491780,0,0,01/22/2023 09:44 PM,0,8,0
0,1,0.0,1,0,,0,1,1674190316856420916,0,1,01/22/2023 09:44 PM,0,0,0
1,1,0.0,1,1,0.0,0,1,1674190398460799668,0,0,01/22/2023 09:45 PM,0,1,0
0,1,0.0,1,0,,0,1,1674190492950080348,0,2,01/22/2023 09:46 PM,0,0,0
1,1,0.0,1,1,0.0,0,1,1448642188027369086,0,4,01/22/2023 09:45 PM,0,1,0
2,1,0.0,1,2,0.0,0,1,1806749757262611028,0,2,05/01/2023 02:51 PM,0,2,0
0,1,1.0,1,0,0.0,0,1,1695776948350710230,0,0,01/22/2023 09:44 PM,0,0,0
0,1,0.0,1,0,,0,1,1674190626094066746,0,2,01/22/2023 09:45 PM,0,0,0
0,1,,1,0,,0,1,1806753648502981412,0,2,05/01/2023 03:06 PM,0,0,0
0,1,1.0,1,0,0.0,0,1,1674190346921192050,1,5,01/22/2023 09:46 PM,0,0,0
0,1,0.0,1,0,,0,1,1594046435347878644,1,8,05/22/2024 03:33 PM,0,0,0
0,1,0.0,1,0,,0,1,1674190226662107534,0,1,01/22/2023 09:44 PM,0,0,0
0,1,0.0,1,0,,0,1,1674190608914197532,0,2,01/22/2023 09:46 PM,0,0,0
0,1,0.0,1,0,,0,1,1674190604619230232,0,6,01/22/2023 09:45 PM,0,0,0
0,1,,1,0,,0,1,1715823805474202570,0,1,01/22/2023 09:44 PM,0,0,0
0,1,0.0,1,0,,0,1,1677249866778810502,0,1,01/22/2023 09:44 PM,0,0,0
0,1,0.0,1,0,,0,1,1715846717333651852,0,2,01/22/2023 09:47 PM,0,0,0
0,0,0.0,1,0,,0,0,1436495100903691938,0,0,06/29/2024 10:47 PM,0,0,0
0,1,,1,0,,0,1,1677249802354300976,0,1,01/22/2023 09:47 PM,0,0,0
11,1,1.0,1,11,0.0,0,1,1674190170827532590,1,0,01/22/2023 09:44 PM,0,11,0
0,1,0.0,1,0,,0,1,1674190458590341928,0,1,01/22/2023 09:44 PM,0,0,0
0,1,,1,0,,0,1,1674190321151388220,0,3,01/22/2023 09:45 PM,0,0,0
1,1,0.0,1,1,0.0,0,1,1594046383808271020,1,7,01/22/2023 09:45 PM,0,1,0
0,1,,1,0,,0,1,1806749731492807138,0,4,05/01/2023 02:51 PM,0,0,0
0,1,0.0,1,0,,0,1,1674190505834982258,0,2,01/22/2023 09:45 PM,0,0,0
0,1,0.0,1,0,,0,1,1674190600324262928,0,4,01/22/2023 09:44 PM,0,0,0
0,1,0.0,1,0,,0,1,1674190252431911356,0,1,01/22/2023 09:46 PM,0,0,0
0,1,,1,0,,0,1,1674190467180276528,0,1,01/22/2023 09:46 PM,0,0,0
0,1,,1,0,,0,1,1674190441410472712,0,5,01/22/2023 09:45 PM,0,0,0
0,1,,1,0,,0,1,1806749740082741752,0,2,05/01/2023 02:51 PM,0,0,0
0,1,0.0,1,0,,0,1,1674190488655113044,0,1,01/22/2023 09:47 PM,0,0,0
0,1,0.0,1,0,,0,1,1674190419935636188,0,2,01/22/2023 09:46 PM,0,0,0
0,1,,1,0,,0,1,1806749757262611036,0,2,05/01/2023 02:51 PM,0,0,0
0,1,,1,0,,0,1,1695776956940644828,0,1,01/22/2023 09:45 PM,0,0,0
1,1,0.0,1,1,0.0,0,1,1448642162257565290,0,2,01/22/2023 09:46 PM,0,1,0
3,1,0.0,1,3,0.0,0,1,1594046461117682452,0,4,05/13/2024 03:11 PM,0,3,0
0,1,,1,0,,0,1,1674190316856420920,0,1,01/22/2023 09:47 PM,0,0,0
0,1,,1,0,,0,1,1715823791080069664,0,1,01/22/2023 09:46 PM,0,0,0
0,1,,1,0,,0,1,1806753639913046772,0,2,05/01/2023 03:06 PM,0,0,0
0,1,0.0,1,0,,0,1,1674190578849426420,0,2,01/22/2023 09:47 PM,0,0,0
9,1,1.0,1,9,0.0,0,1,1594046452527747848,1,0,01/22/2023 09:47 PM,0,9,0
0,1,0.0,1,0,,0,1,1677249853893908602,0,10,01/22/2023 09:44 PM,0,0,0
0,1,,1,0,,0,1,1677249785174431768,0,2,01/22/2023 09:45 PM,0,0,0
0,1,,1,0,,0,1,1674190136467794156,0,2,01/22/2023 09:47 PM,0,0,0
0,1,,1,0,,0,1,1677249815239202878,0,1,01/22/2023 09:45 PM,0,0,0
0,1,0.0,1,0,,0,1,1674190613209164838,0,2,01/22/2023 09:45 PM,0,0,0
0,1,,1,0,,0,1,1674190608914197534,0,1,01/22/2023 09:46 PM,0,0,0
0,1,,1,0,,0,1,1674190299676551694,0,1,01/22/2023 09:44 PM,0,0,0
0,1,,1,0,,0,1,1674190450000407316,0,2,05/11/2023 11:06 AM,0,0,0
2,1,0.0,1,2,0.0,0,1,1806749748672676384,0,2,05/04/2023 01:12 PM,0,2,0
0,1,,1,0,,0,1,1674190514424916874,0,1,01/22/2023 09:46 PM,0,0,0
0,1,,1,0,,0,1,1674190561669557204,0,3,01/22/2023 09:45 PM,0,0,0
0,1,0.0,1,0,,0,1,1674190600324262932,0,1,01/22/2023 09:47 PM,0,0,0
0,1,0.0,1,0,,0,1,1674190557374589898,0,3,01/22/2023 09:44 PM,0,0,0
0,1,,1,0,,0,1,1683527937875852272,0,1,01/22/2023 09:47 PM,0,0,0
0,1,0.0,1,0,,0,1,1674190192302369104,0,1,01/22/2023 09:45 PM,0,0,0
0,1,0.0,1,0,,0,1,1683527974474827792,0,1,01/22/2023 09:45 PM,0,0,0
0,1,0.0,1,0,,0,1,1806749727197839824,0,4,05/01/2023 02:51 PM,0,0,0
0,1,,1,0,,0,1,1674190346921192048,0,1,01/22/2023 09:44 PM,0,0,0
0,1,,1,0,,0,1,1806749744377709064,0,2,05/01/2023 02:51 PM,0,0,0
0,1,0.0,1,0,,0,1,1674190475770211138,0,1,01/22/2023 09:47 PM,0,0,0
0,1,0.0,1,0,,0,1,1695777017650221152,0,1,01/22/2023 09:46 PM,0,0,0
3,1,0.0,1,3,0.0,0,1,1677249789469399068,0,0,01/22/2023 09:46 PM,0,3,0
0,1,0.0,1,0,,0,1,1674190162237597974,0,1,01/22/2023 09:46 PM,0,0,0
0,1,,1,0,,0,1,1674190454295374622,0,1,01/22/2023 09:44 PM,0,0,0
0,1,0.0,1,0,,0,1,1674190411345701574,0,1,01/22/2023 09:47 PM,0,0,0
0,1,,1,0,,0,1,1827484051430132398,0,2,06/26/2023 11:51 AM,0,0,0
0,1,,1,0,,0,1,1674190638978968662,0,2,01/22/2023 09:44 PM,0,0,0
0,1,0.0,1,0,,0,1,1674190235252042142,0,2,01/22/2023 09:47 PM,0,0,0
0,1,,1,0,,0,1,1674190454295374616,0,2,01/22/2023 09:47 PM,0,0,0
0,1,,1,0,,0,1,1674190432820538108,0,2,01/22/2023 09:46 PM,0,0,0
3,1,0.0,1,3,0.0,0,1,1563698705501259788,1,4,01/22/2023 09:46 PM,0,3,0
0,1,0.0,1,0,,0,1,1683527942170819574,0,1,01/22/2023 09:44 PM,0,0,0
0,1,0.0,1,0,,0,1,1695777014128478334,0,2,01/22/2023 09:45 PM,0,0,0
0,1,,1,0,,0,1,1806753639913046782,0,2,05/01/2023 03:06 PM,0,0,0
0,1,,1,0,,0,1,1806749757262611032,0,2,05/01/2023 02:51 PM,0,0,0
0,1,0.0,1,0,,0,1,1674190239547009458,0,6,01/22/2023 09:44 PM,0,0,0
0,1,,1,0,,0,1,1674190338331257442,0,1,01/22/2023 09:46 PM,0,0,0
0,1,,1,0,,0,1,1674190656158837890,0,4,01/22/2023 09:44 PM,0,0,0
0,1,,1,0,,0,1,1695776998116659702,0,1,01/22/2023 09:46 PM,0,0,0
0,1,,1,0,,0,1,1806753661387883394,0,2,05/01/2023 03:06 PM,0,0,0
0,1,,1,0,,0,1,1695776991300383220,0,1,01/22/2023 09:44 PM,0,0,0
2,1,0.0,1,2,0.0,0,1,1594046379513303716,0,6,01/22/2023 09:44 PM,0,2,0
0,1,,1,0,,0,1,1674190656158837886,0,2,01/22/2023 09:46 PM,0,0,0
0,1,0.0,1,0,,0,1,1674190222367140226,0,2,01/22/2023 09:45 PM,0,0,0
0,1,1.0,1,0,0.0,0,1,1715846705501012842,0,1,01/22/2023 09:46 PM,0,0,0
0,1,,1,0,,0,1,1806753652797948746,0,2,05/01/2023 03:06 PM,0,0,0
0,1,2.0,1,0,0.0,0,1,1674190256726878660,0,4,01/22/2023 09:45 PM,0,0,0
0,1,0.0,1,0,,0,1,1436495122378528446,0,6,01/22/2023 09:46 PM,0,0,0
0,1,,1,0,,0,1,1674190273906747872,0,1,01/22/2023 09:45 PM,0,0,0
2,1,0.0,1,2,0.0,0,1,1594046409578074834,0,7,01/22/2023 09:44 PM,0,2,0
0,1,,1,0,,0,1,1674190273906747868,0,1,01/22/2023 09:45 PM,0,0,0
8,1,0.0,1,8,0.0,0,1,1448642179437434482,0,1,01/22/2023 09:47 PM,0,8,0
0,1,,1,0,,0,1,1695776957520678960,0,1,01/22/2023 09:45 PM,0,0,0
0,1,0.0,1,0,,0,1,1715846688321143646,0,2,01/22/2023 09:47 PM,0,0,0
0,1,,1,0,,0,1,1674190574554459112,0,1,01/22/2023 09:45 PM,0,0,0
0,1,0.0,1,0,,0,1,1674190359806093956,0,1,01/22/2023 09:45 PM,0,0,0
0,1,,1,0,,0,1,1806753661387883380,1,1,05/01/2023 03:06 PM,0,0,0
0,1,,1,0,,0,1,1806749748672676382,0,2,05/03/2023 03:55 PM,0,0,0
0,1,0.0,1,0,,0,1,1674190312561453616,0,2,01/22/2023 09:45 PM,0,0,0
2,1,0.0,1,2,0.0,0,1,1674190634684001360,0,0,01/22/2023 09:45 PM,0,2,0
0,1,,1,0,,0,1,1806753648502981400,0,4,05/01/2023 03:06 PM,0,0,0
0,1,0.0,1,0,,0,1,1674190557374589902,0,4,01/22/2023 09:44 PM,0,0,0
0,1,,1,0,,0,1,1674190269611780570,0,1,01/22/2023 09:46 PM,0,0,0
0,1,1.0,1,0,0.0,0,1,1674190175122499894,0,2,01/22/2023 09:46 PM,0,0,0
0,1,,1,0,,0,1,1806753644208014090,0,2,05/01/2023 03:06 PM,0,0,0
1,1,0.0,1,1,0.0,0,1,1674190316856420914,0,3,01/22/2023 09:47 PM,0,1,0
6,1,0.0,1,6,0.0,0,1,1593766334653391756,0,3,01/22/2023 09:46 PM,0,6,0
0,1,,1,0,,0,1,1806753657092916056,0,2,05/01/2023 03:06 PM,0,0,0
0,1,0.0,1,0,,0,1,1674190338331257438,0,3,01/22/2023 09:45 PM,0,0,0
0,1,,1,0,,0,1,1674190145057728766,0,2,01/22/2023 09:46 PM,0,0,0
0,1,0.0,1,0,,0,1,1674190617504132138,0,2,01/22/2023 09:45 PM,0,0,0
5,1,1.0,1,5,0.0,0,1,1594046422462976738,0,4,01/22/2023 09:45 PM,0,5,0
0,1,0.0,1,0,,0,1,1674190312561453612,0,1,01/22/2023 09:46 PM,0,0,0
0,1,,1,0,,0,1,1674190510129949568,0,2,01/22/2023 09:46 PM,0,0,0
0,1,0.0,1,0,,0,1,1677249828124104788,0,1,01/22/2023 09:46 PM,0,0,0
0,1,,1,0,,0,1,1674190540194720684,0,1,01/22/2023 09:45 PM,0,0,0
0,1,0.0,1,0,,0,1,1674190523014851472,0,1,01/22/2023 09:47 PM,0,0,0
0,1,,1,0,,0,1,1715823805474202572,0,1,01/22/2023 09:47 PM,0,0,0
2,1,2.0,1,2,0.0,0,1,1582242319632586320,0,4,01/22/2023 09:45 PM,0,2,0
0,1,,1,0,,0,1,1806749757262611038,0,4,05/01/2023 02:51 PM,0,0,0
2,1,0.0,1,2,0.0,0,1,1606778059648526978,1,5,01/22/2023 09:46 PM,0,2,0
0,1,0.0,1,0,,0,1,1677249858188875900,0,1,01/22/2023 09:45 PM,0,0,0
0,1,,1,0,,0,1,1677249879663712420,0,2,01/22/2023 09:45 PM,0,0,0
0,1,,1,0,,0,1,1806749722902872484,0,8,05/11/2023 11:08 AM,0,0,0
0,1,,1,0,,0,1,1674190467180276534,0,1,01/22/2023 09:45 PM,0,0,0
0,1,0.0,1,0,,0,1,1674190596029295624,0,1,01/22/2023 09:45 PM,0,0,0
0,1,,1,0,,0,1,1806749748672676380,0,4,05/01/2023 02:51 PM,0,0,0
0,1,,1,0,,0,1,1674190647568903268,0,1,01/22/2023 09:46 PM,0,0,0
1,1,1.0,1,1,0.0,0,1,1594046388103238326,0,8,01/22/2023 09:46 PM,0,1,0
0,1,0.0,1,0,,0,1,1677249866778810506,0,1,01/22/2023 09:45 PM,0,0,0
0,1,1.0,1,0,0.0,0,1,1674190372690995872,0,2,01/22/2023 09:44 PM,0,0,0
3,1,0.0,1,3,0.0,0,1,1806753639913046768,3,0,05/01/2023 03:06 PM,0,3,0
0,1,,1,0,,0,1,1806753631323112142,0,2,05/01/2023 03:06 PM,0,0,0
8,1,0.0,1,8,0.0,0,1,1594041777104953206,0,2,01/22/2023 09:47 PM,0,8,0
0,1,,1,0,,0,1,1715823779704398766,0,2,01/22/2023 09:45 PM,0,0,0
1,1,0.0,1,1,0.0,0,1,1806753648502981420,0,1,05/01/2023 03:06 PM,0,1,0
0,1,,1,0,,0,1,1806749734462876060,0,4,05/01/2023 02:51 PM,0,0,0
0,1,,1,0,,0,1,1806749727197839828,0,4,05/01/2023 02:51 PM,0,0,0
1,1,0.0,1,1,0.0,0,1,1594046379513303720,0,5,01/22/2023 09:46 PM,0,1,0
0,1,0.0,1,0,,0,1,1674190535899753380,0,1,01/22/2023 09:45 PM,0,0,0
0,1,0.0,1,0,,0,1,1968523931105227248,0,50,07/26/2024 08:12 PM,0,0,0
0,1,,1,0,,0,1,1674190638978968664,0,1,01/22/2023 09:47 PM,0,0,0
0,1,0.0,1,0,,0,1,1677249780879464466,0,1,01/22/2023 09:45 PM,0,0,0
0,1,0.0,1,0,0.0,0,1,1806749748672676386,1,1,05/01/2023 02:51 PM,0,0,0
0,1,0.0,1,0,,0,1,1674190213777205626,0,10,01/22/2023 09:45 PM,0,0,0
0,1,,1,0,,0,1,1677249836714039386,0,1,01/22/2023 09:45 PM,0,0,0
0,1,,1,0,,0,1,1674190299676551698,0,1,01/22/2023 09:46 PM,0,0,0
0,1,0.0,1,0,,0,1,1674190445705440014,1,1,01/22/2023 09:47 PM,0,0,0
1,1,0.0,1,1,0.0,0,1,1674190243841976756,0,1,01/22/2023 09:45 PM,0,1,0
2,1,0.0,1,2,0.0,0,1,1806749748672676390,2,0,05/01/2023 02:51 PM,0,2,0
0,1,,1,0,,0,1,1674190471475243832,0,1,01/22/2023 09:46 PM,0,0,0
0,1,0.0,1,0,,0,1,1674190484360145744,0,2,01/22/2023 09:46 PM,0,0,0
0,1,0.0,1,0,,0,1,1674190510129949570,0,6,01/22/2023 09:45 PM,0,0,0
0,1,0.0,1,0,,0,1,1715846704448749936,0,1,01/22/2023 09:47 PM,0,0,0
1,1,0.0,1,1,0.0,0,1,1677249823829137482,0,0,01/22/2023 09:47 PM,0,1,0
1,1,0.0,1,1,0.0,0,1,1436495109493626544,0,8,05/25/2023 04:30 PM,0,1,0
0,1,,1,0,,0,1,1806753665682850718,0,2,05/01/2023 03:06 PM,0,0,0
0,1,,1,0,,0,1,1677249828124104782,0,1,01/22/2023 09:45 PM,0,0,0
1,1,0.0,1,1,0.0,0,1,1674190381280930478,0,1,01/22/2023 09:45 PM,0,1,0
0,1,0.0,1,0,,0,1,1674190677633674406,0,2,01/22/2023 09:44 PM,0,0,0
0,1,,1,0,,0,1,1827484051430132402,0,4,06/26/2023 11:51 AM,0,0,0
0,1,,1,0,,0,1,1674190591734328322,0,1,01/22/2023 09:44 PM,0,0,0
1,1,0.0,1,1,0.0,0,1,1674190647568903270,0,0,01/22/2023 09:44 PM,0,1,0
0,1,,1,0,,0,1,1806749718607905172,0,2,05/01/2023 02:51 PM,0,0,0
0,1,1.0,1,0,0.0,0,1,1674190587439361024,0,1,01/22/2023 09:44 PM,0,0,0
0,1,0.0,1,0,0.0,0,1,1806749744377709062,1,1,05/01/2023 02:51 PM,0,0,0
0,1,1.0,1,0,0.0,0,1,1674190278201715172,0,1,01/22/2023 09:46 PM,0,0,0
0,1,,1,0,,0,1,1674190643273935970,0,1,01/22/2023 09:46 PM,0,0,0
0,1,,1,0,,0,1,1674190630389034054,0,1,01/22/2023 09:45 PM,0,0,0
2,1,4.0,1,2,0.0,0,1,1436495105198659242,0,4,07/28/2022 03:40 PM,0,2,0
0,1,,1,0,,0,1,1827474404723843682,0,5,06/26/2023 11:14 AM,0,0,0
0,1,,1,0,,0,1,1677249875368745110,0,1,01/22/2023 09:47 PM,0,0,0
1,1,1.0,1,1,0.0,0,1,1563698688321392630,0,7,01/22/2023 09:44 PM,0,1,0
0,1,,1,0,,0,1,1674190424230603496,0,1,01/22/2023 09:45 PM,0,0,0
0,1,2.0,1,0,0.0,0,1,1674190183712434508,0,2,01/22/2023 09:44 PM,0,0,0
0,1,,1,0,,0,1,1806753639913046770,0,2,05/01/2023 03:06 PM,0,0,0
0,1,,1,0,,0,1,1674190338331257440,0,1,01/22/2023 09:46 PM,0,0,0
0,1,0.0,1,0,0.0,0,1,1695780083082689008,1,8,01/22/2023 09:46 PM,0,0,0
0,1,0.0,1,0,,0,1,1683527942170819570,0,1,01/22/2023 09:46 PM,0,0,0
1,1,0.0,1,1,0.0,0,1,1695777019609488196,0,2,01/22/2023 09:45 PM,0,1,0
7,1,0.0,1,7,0.0,0,1,1571105055115583496,1,0,01/22/2023 09:44 PM,0,7,0
0,1,0.0,1,0,,0,1,1715846691563848024,0,2,01/22/2023 09:45 PM,0,0,0
0,1,,1,0,,0,1,1674190179417467196,0,1,01/22/2023 09:44 PM,0,0,0
2,1,5.0,1,2,0.0,0,1,1594046370923369112,1,5,04/26/2023 08:05 PM,0,2,0
0,1,0.0,1,0,0.0,0,1,1563698701206292480,1,7,01/22/2023 09:44 PM,0,0,0
0,1,,1,0,,0,1,1715823786785102364,0,1,01/22/2023 09:46 PM,0,0,0
0,1,,1,0,,0,1,1715823782490135060,0,1,01/22/2023 09:47 PM,0,0,0
2,1,0.0,1,2,0.0,0,1,1806749727197839814,0,2,05/04/2023 12:51 PM,0,2,0
0,1,0.0,1,0,,0,1,1715846691563848032,0,1,01/22/2023 09:44 PM,0,0,0
0,1,0.0,1,0,,0,1,1673852313397164652,0,1,01/22/2023 09:47 PM,0,0,0
0,1,0.0,1,0,,0,1,1677249785174431770,1,0,01/22/2023 09:46 PM,0,0,0
0,1,0.0,1,0,,0,1,1674190230957074840,0,3,01/22/2023 09:44 PM,0,0,0
0,1,,1,0,,0,1,1806749752967643694,0,7,05/01/2023 02:51 PM,0,0,0
0,1,0.0,1,0,,0,1,1674190424230603490,0,2,01/22/2023 09:46 PM,0,0,0
0,1,0.0,1,0,,0,1,1674190531604786076,0,2,01/22/2023 09:46 PM,0,0,0
0,1,0.0,1,0,,0,1,1806749744377709070,0,4,05/01/2023 02:51 PM,0,0,0
0,1,,1,0,,0,1,1806753657092916052,0,2,05/03/2023 04:47 PM,0,0,0
0,1,,1,0,,0,1,1674190196597336406,0,1,01/22/2023 09:46 PM,0,0,0
0,1,,1,0,,0,1,1695776956346497674,0,1,01/22/2023 09:46 PM,0,0,0
0,1,,1,0,,0,1,1674190664748772498,0,2,01/22/2023 09:47 PM,0,0,0
2,1,1.0,1,2,0.0,0,1,1582242315337619018,0,4,01/22/2023 09:45 PM,0,2,0
0,1,,1,0,,0,1,1674190454295374620,0,1,01/22/2023 09:46 PM,0,0,0
1,1,0.0,1,1,0.0,0,1,1674190604619230230,0,0,01/22/2023 09:44 PM,0,1,0
0,1,,1,0,,0,1,1806749748672676376,0,2,05/01/2023 02:51 PM,0,0,0
0,1,,1,0,,0,1,1674190411345701580,0,2,01/22/2023 09:45 PM,0,0,0
0,1,,1,0,,0,1,1571105042230683640,2,7,01/22/2023 09:45 PM,0,0,0
0,1,,1,0,,0,1,1695776953225711660,0,1,01/22/2023 09:44 PM,0,0,0
0,1,,1,0,,0,1,1806749748672676394,0,4,05/01/2023 02:51 PM,0,0,0
1,1,0.0,1,1,0.0,0,1,1715823801179235264,0,0,01/22/2023 09:45 PM,0,1,0
0,1,,1,0,,0,1,1806753652797948726,0,2,05/01/2023 03:06 PM,0,0,0
0,1,,1,0,,0,1,1674190196597336410,0,2,01/22/2023 09:47 PM,0,0,0
0,1,,1,0,,0,1,1674190364101061264,0,2,01/22/2023 09:44 PM,0,0,0
0,1,,1,0,,0,1,1674190501540014954,1,0,01/22/2023 09:45 PM,0,0,0
0,1,,1,0,,0,1,1674190669043739800,0,1,01/22/2023 09:44 PM,0,0,0
0,1,0.0,1,0,,0,1,1674190557374589904,0,2,01/22/2023 09:44 PM,0,0,0
0,1,,1,0,,0,1,1806753661387883384,0,2,05/01/2023 03:06 PM,0,0,0
0,1,0.0,1,0,,0,1,1674190527309818772,0,2,01/22/2023 09:45 PM,0,0,0
0,1,0.0,1,0,,0,1,1674190574554459116,1,0,01/22/2023 09:44 PM,0,0,0
0,1,0.0,1,0,,0,1,1674190480065178440,0,1,01/22/2023 09:44 PM,0,0,0
6,1,0.0,1,6,0.0,0,1,1575949528657471478,0,1,01/22/2023 09:45 PM,0,6,0
1,1,0.0,1,1,0.0,0,1,1806753648502981402,0,1,05/01/2023 03:06 PM,0,1,0
0,1,,1,0,,0,1,1674190286791649780,0,3,01/22/2023 09:46 PM,0,0,0
0,1,,1,0,,0,1,1674190450000407312,0,1,01/22/2023 09:46 PM,0,0,0
0,1,,1,0,,0,1,1715823801179235270,0,2,01/22/2023 09:44 PM,0,0,0
0,1,,1,0,,0,1,1674190355511126658,0,1,01/22/2023 09:46 PM,0,0,0
0,1,0.0,1,0,,0,1,1594046362333434512,1,8,05/16/2023 09:36 AM,0,0,0
0,1,,1,0,,0,1,1674190565964524510,0,2,01/22/2023 09:46 PM,0,0,0
6,1,0.0,1,6,0.0,0,1,1594041781399920506,0,3,01/22/2023 09:44 PM,0,6,0
0,1,,1,0,,0,1,1806753665682850712,0,2,05/01/2023 03:06 PM,0,0,0
0,1,,1,0,,0,1,1695776989544717076,0,1,01/22/2023 09:44 PM,0,0,0
0,1,0.0,1,0,,0,1,1674190677633674404,0,2,01/22/2023 09:45 PM,0,0,0
0,1,,1,0,,0,1,1806753669977818022,0,4,05/01/2023 03:06 PM,0,0,0
0,1,,1,0,,0,1,1806749757262611020,0,2,05/04/2023 01:08 PM,0,0,0
0,1,,1,0,,0,1,1806753669977818016,0,2,05/01/2023 03:06 PM,0,0,0
0,1,,1,0,,0,1,1674190166532565286,0,5,01/22/2023 09:45 PM,0,0,0
0,1,0.0,1,0,,0,1,1677249862483843202,0,2,01/22/2023 09:47 PM,0,0,0
0,1,,1,0,,0,1,1674190222367140228,0,2,01/22/2023 09:44 PM,0,0,0
0,1,0.0,1,0,,0,1,1683527948705025018,0,1,01/22/2023 09:44 PM,0,0,0
0,1,,1,0,,0,1,1677249845303973996,0,1,01/22/2023 09:44 PM,0,0,0
0,1,,1,0,,0,1,1806749722902872506,0,4,05/01/2023 02:51 PM,0,0,0
0,1,,1,0,,0,1,1806749722902872494,0,2,05/01/2023 02:51 PM,0,0,0
0,1,0.0,1,0,,0,1,1806753652797948736,0,2,05/01/2023 03:06 PM,0,0,0
0,1,,1,0,,0,1,1674190218072172924,0,1,01/22/2023 09:44 PM,0,0,0
0,1,,1,0,,0,1,1674190514424916872,0,2,01/22/2023 09:45 PM,0,0,0
0,1,0.0,1,0,,0,1,1674190230957074838,0,1,01/22/2023 09:46 PM,0,0,0
2,1,0.0,1,2,0.0,0,1,1575949519568499428,0,7,04/26/2023 08:06 PM,0,2,0
0,1,,1,0,,0,1,1806749718607905156,0,2,05/01/2023 02:51 PM,0,0,0
0,1,,1,0,,0,1,1674190205187271018,2,1,01/22/2023 09:45 PM,0,0,0
0,1,,1,0,,0,1,1677249845303973992,0,1,01/22/2023 09:47 PM,0,0,0
0,1,0.0,1,0,,0,1,1695777010841019090,1,1,01/22/2023 09:44 PM,0,0,0
0,1,0.0,1,0,,0,1,1677249866778810508,0,2,01/22/2023 09:45 PM,0,0,0
1,1,0.0,1,1,0.0,0,1,1674190334036290138,0,2,01/22/2023 09:47 PM,0,1,0
0,1,0.0,1,0,,0,1,1806753635618079456,0,2,05/01/2023 03:06 PM,0,0,0
1,1,0.0,1,1,0.0,0,1,1677249883958679722,0,0,01/22/2023 09:46 PM,0,1,0
3,1,0.0,1,3,0.0,0,1,1448642175142467184,0,1,05/25/2023 04:45 PM,0,3,0
0,1,,1,0,,0,1,1674190467180276532,0,1,01/22/2023 09:46 PM,0,0,0
0,1,,1,0,,0,1,1674190273906747874,0,1,01/22/2023 09:46 PM,0,0,0
3,1,0.0,1,3,0.0,0,1,1561012891600925250,0,4,01/22/2023 09:46 PM,0,3,0
0,1,0.0,1,0,,0,1,1683527959350687758,0,2,01/22/2023 09:47 PM,0,0,0
0,1,0.0,1,0,,0,1,1674190437115505406,0,2,01/22/2023 09:44 PM,0,0,0
0,1,0.0,1,0,,0,1,1683527952999991298,0,10,01/22/2023 09:46 PM,0,0,0
0,1,0.0,1,0,,0,1,1683527957294958598,0,1,01/22/2023 09:44 PM,0,0,0
2,1,0.0,1,2,0.0,0,1,1575949510978564830,0,7,01/22/2023 09:45 PM,0,2,0
0,1,0.0,1,0,,0,1,1683527935820123118,0,1,01/22/2023 09:47 PM,0,0,0
0,1,0.0,1,0,,0,1,1674190162237597976,0,1,01/22/2023 09:46 PM,0,0,0
0,1,,1,0,,0,1,1806753639913046774,0,2,05/01/2023 03:06 PM,0,0,0
0,1,,1,0,,0,1,1695776978415481326,0,1,01/22/2023 09:47 PM,0,0,0
0,1,,1,0,,0,1,1674190497245047652,0,1,01/22/2023 09:45 PM,0,0,0
0,1,,1,0,,0,1,1806753652797948728,0,2,05/04/2023 12:49 PM,0,0,0
0,1,,1,0,,0,1,1806753657092916076,0,2,05/04/2023 12:46 PM,0,0,0
0,1,0.0,1,0,,0,1,1674190475770211134,0,1,01/22/2023 09:44 PM,0,0,0
0,1,,1,0,,0,1,1806753648502981398,0,2,05/01/2023 03:06 PM,0,0,0
0,1,0.0,1,0,,0,1,1674190291086617088,0,1,01/22/2023 09:44 PM,0,0,0
0,1,,1,0,,0,1,1806753661387883374,0,2,05/01/2023 03:06 PM,0,0,0
0,1,,1,0,,0,1,1674190407050734270,1,9,01/22/2023 09:44 PM,0,0,0
0,1,,1,0,,0,1,1806749727197839816,0,6,05/04/2023 12:51 PM,0,0,0
0,1,0.0,1,0,0.0,0,1,1674190170827532586,1,0,01/22/2023 09:46 PM,0,0,0
3,1,0.0,1,3,0.0,0,1,1677249810944235574,0,0,01/22/2023 09:44 PM,0,3,0
1,1,0.0,1,1,0.0,0,1,1674190553079622600,0,1,01/22/2023 09:44 PM,0,1,0
0,1,,1,0,,0,1,1674190690518576300,0,1,01/22/2023 09:46 PM,0,0,0
6,1,0.0,1,6,0.0,0,1,1563698684026425330,0,3,01/22/2023 09:46 PM,0,6,0
0,1,,1,0,,0,1,1674190428525570798,0,10,01/22/2023 09:45 PM,0,0,0
1,1,0.0,1,1,0.0,0,1,1715823829734775372,0,0,01/22/2023 09:47 PM,0,1,0
6,1,0.0,1,6,0.0,0,1,1563698718386161690,3,0,01/22/2023 09:45 PM,0,6,0
0,1,0.0,1,0,,0,1,1674190239547009454,0,1,01/22/2023 09:45 PM,0,0,0
0,1,,1,0,,0,1,1827484051430132400,0,1,06/26/2023 11:51 AM,0,0,0
4,1,0.0,1,4,0.0,0,1,1593766343243326364,0,5,01/22/2023 09:45 PM,0,4,0
0,1,,1,0,,0,1,1674190660453805192,0,2,01/22/2023 09:46 PM,0,0,0
0,1,,1,0,,0,1,1806749731492807142,0,10,05/01/2023 02:51 PM,0,0,0
1,1,0.0,1,1,0.0,0,1,1674190170827532584,0,0,01/22/2023 09:44 PM,0,1,0
1,1,0.0,1,1,0.0,0,1,1806749722902872490,0,2,05/09/2023 11:43 AM,0,1,0
0,1,,1,0,,0,1,1806753657092916074,0,2,05/01/2023 03:06 PM,0,0,0
0,1,,1,0,,0,1,1806753652797948730,0,2,05/01/2023 03:06 PM,0,0,0
0,1,,1,0,,0,1,1674190166532565282,0,2,01/22/2023 09:46 PM,0,0,0
0,1,,1,0,,0,1,1806753665682850696,0,2,05/01/2023 03:06 PM,0,0,0
1,1,0.0,1,1,0.0,0,1,1806749718607905168,0,1,05/01/2023 02:51 PM,0,1,0
0,1,,1,0,,0,1,1806753639913046778,0,2,05/01/2023 03:06 PM,0,0,0
0,1,,1,0,,0,1,1677249815239202876,0,1,01/22/2023 09:44 PM,0,0,0
6,1,0.0,1,6,0.0,0,1,1594041785694887804,0,1,01/22/2023 09:46 PM,0,6,0
0,1,,1,0,,0,1,1674190342626224740,0,1,01/22/2023 09:44 PM,0,0,0
0,1,0.0,1,0,,0,1,1674190587439361020,0,2,01/22/2023 09:46 PM,0,0,0
2,1,0.0,1,2,0.0,0,1,1448642179437434486,0,3,01/22/2023 09:47 PM,0,2,0
0,1,,1,0,,0,1,1806749744377709058,0,2,05/01/2023 02:51 PM,0,0,0
0,1,,1,0,,0,1,1677249871073777812,0,1,01/22/2023 09:47 PM,0,0,0
0,1,0.0,1,0,,0,1,1674190621799099444,0,1,01/22/2023 09:44 PM,0,0,0
0,1,,1,0,,0,1,1674190510129949566,0,1,01/22/2023 09:44 PM,0,0,0
0,1,0.0,1,0,,0,1,1674190480065178436,0,1,01/22/2023 09:47 PM,0,0,0
0,1,0.0,1,0,,0,1,1677249789469399070,0,2,01/22/2023 09:46 PM,0,0,0
0,1,0.0,1,0,,0,1,1715846708743717234,0,1,01/22/2023 09:47 PM,0,0,0
0,1,0.0,1,0,,0,1,1674190574554459120,0,1,01/22/2023 09:47 PM,0,0,0
0,1,,1,0,,0,1,1695776995595350524,0,1,01/22/2023 09:45 PM,0,0,0
0,1,,1,0,,0,1,1677249819534170176,0,1,01/22/2023 09:45 PM,0,0,0
0,1,0.0,1,0,,0,1,1674190630389034056,0,2,01/22/2023 09:45 PM,0,0,0
1,1,0.0,1,1,0.0,0,1,1674190192302369108,0,0,01/22/2023 09:46 PM,0,1,0
0,1,,1,0,,0,1,1806753644208014098,1,1,05/01/2023 03:06 PM,0,0,0
0,1,,1,0,,0,1,1674190376985963176,0,1,01/22/2023 09:46 PM,0,0,0
0,1,0.0,1,0,,0,1,1674190613209164834,0,2,01/22/2023 09:44 PM,0,0,0
0,1,1.0,1,0,0.0,0,1,1674190583144393718,0,1,01/22/2023 09:46 PM,0,0,0
0,1,,1,0,,0,1,1674190475770211132,0,1,01/22/2023 09:46 PM,0,0,0
0,1,,1,0,,0,1,1715823792589300662,0,1,01/22/2023 09:47 PM,0,0,0
0,1,0.0,1,0,,0,1,1674190411345701582,0,1,01/22/2023 09:46 PM,0,0,0
0,1,,1,0,,0,1,1582242323927553626,3,0,01/22/2023 09:46 PM,0,0,0
0,1,0.0,1,0,,0,1,1695780087377656306,0,1,01/22/2023 09:47 PM,0,0,0
0,1,,1,0,,0,1,1683527931525155814,0,1,01/22/2023 09:44 PM,0,0,0
0,1,,1,0,,0,1,1674190265316813262,0,1,01/22/2023 09:46 PM,0,0,0
0,1,0.0,1,0,,0,1,1715823821144840768,0,2,01/22/2023 09:47 PM,0,0,0
1,1,1.0,1,1,0.0,0,1,1594046456830870690,3,4,01/22/2023 09:46 PM,0,1,0
0,1,0.0,1,0,,0,1,1715846692616110944,0,1,01/22/2023 09:47 PM,0,0,0
0,1,,1,0,,0,1,1674190467180276530,0,1,01/22/2023 09:46 PM,0,0,0
0,1,,1,0,,0,1,1674190157942630668,0,1,01/22/2023 09:45 PM,0,0,0
0,1,0.0,1,0,,0,1,1674190334036290136,1,5,01/22/2023 09:45 PM,0,0,0
0,1,0.0,1,0,,0,1,1674190634684001356,0,2,01/22/2023 09:46 PM,0,0,0
0,1,0.0,1,0,,0,1,1674190613209164836,0,3,01/22/2023 09:47 PM,0,0,0
0,1,,1,0,,0,1,1806749757262611030,0,3,05/01/2023 02:51 PM,0,0,0
1,1,0.0,1,1,0.0,0,1,1695776940340809768,0,0,01/22/2023 09:46 PM,0,1,0
0,1,0.0,1,0,,0,1,1674190295381584388,0,2,01/22/2023 09:47 PM,0,0,0
0,1,,1,0,,0,1,1674190643273935964,0,1,01/22/2023 09:46 PM,0,0,0
0,1,0.0,1,0,,0,1,1674190548784655294,0,3,01/22/2023 09:47 PM,0,0,0
0,1,,1,0,,0,1,1674190321151388226,0,2,01/22/2023 09:44 PM,0,0,0
0,1,,1,0,,0,1,1806753664357952126,0,2,05/01/2023 03:06 PM,0,0,0
0,1,,1,0,,0,1,1806753661387883376,0,2,05/04/2023 12:48 PM,0,0,0
0,1,,1,0,,0,1,1806749744377709060,0,2,05/01/2023 02:51 PM,0,0,0
0,1,,1,0,,0,1,1674190664748772494,0,1,01/22/2023 09:46 PM,0,0,0
0,1,,1,0,,0,1,1695776976641823202,0,1,01/22/2023 09:45 PM,0,0,0
0,1,0.0,1,0,0.0,0,1,1806749752967643706,1,3,05/01/2023 02:51 PM,0,0,0
0,1,,1,0,,0,1,1674190647568903272,0,3,01/22/2023 09:45 PM,0,0,0
1,1,1.0,1,1,0.0,0,1,1594046418168009438,0,8,01/22/2023 09:44 PM,0,1,0
0,1,0.0,1,0,,0,1,1683527950760754170,0,2,01/22/2023 09:44 PM,0,0,0
0,1,0.0,1,0,,0,1,1674190308266486306,0,2,01/22/2023 09:45 PM,0,0,0
0,1,,1,0,,0,1,1677249883958679720,0,1,01/22/2023 09:44 PM,0,0,0
0,1,,1,0,,0,1,1806749740082741754,0,2,05/01/2023 02:51 PM,0,0,0
0,1,0.0,1,0,,0,1,1806753648502981410,0,2,05/01/2023 03:06 PM,0,0,0
0,1,,1,0,,0,1,1677249841009006688,0,1,01/22/2023 09:46 PM,0,0,0
0,1,,1,0,,0,1,1677249888253647030,0,1,01/22/2023 09:44 PM,0,0,0
0,1,0.0,1,0,,0,1,1674190291086617090,0,2,01/22/2023 09:46 PM,0,0,0
1,1,0.0,1,1,0.0,0,1,1674190179417467200,0,0,01/22/2023 09:47 PM,0,1,0
0,1,,1,0,,0,1,1806749740082741758,1,9,05/01/2023 02:51 PM,0,0,0
4,1,0.0,1,4,0.0,0,1,1683527967940622362,0,0,01/22/2023 09:45 PM,0,4,0
5,1,0.0,1,5,0.0,0,1,1594041785694887806,0,0,01/22/2023 09:46 PM,0,5,0
0,1,,1,0,,0,1,1695776963774913278,0,1,01/22/2023 09:46 PM,0,0,0
0,1,,1,0,,0,1,1674190269611780562,0,1,01/22/2023 09:45 PM,0,0,0
0,1,0.0,1,0,,0,1,1674190492950080346,0,2,01/22/2023 09:45 PM,0,0,0
1,1,0.0,1,1,0.0,0,1,1594046400988140226,0,7,01/22/2023 09:45 PM,0,1,0
4,1,1.0,1,4,0.0,0,1,1594041777104953202,0,5,01/22/2023 09:44 PM,0,4,0
0,1,,1,0,,0,1,1827474409018810992,0,3,06/26/2023 11:14 AM,0,0,0
0,1,0.0,1,0,,0,1,1677249772289529870,0,1,01/22/2023 09:45 PM,0,0,0
0,1,0.0,1,0,,0,1,1806749744377709068,0,11,05/01/2023 02:51 PM,0,0,0
1,1,0.0,1,1,0.0,0,1,1575949506683597522,0,8,01/22/2023 09:46 PM,0,1,0
0,1,0.0,1,0,,0,1,1674190634684001358,1,2,01/22/2023 09:45 PM,0,0,0
0,1,,1,0,,0,1,1806749727197839806,0,2,05/15/2023 04:44 PM,0,0,0
0,1,,1,0,,0,1,1715823795375036962,0,1,01/22/2023 09:46 PM,0,0,0
0,1,,1,0,,0,1,1806753657092916070,0,2,05/01/2023 03:06 PM,0,0,0
0,1,,1,0,,0,1,1674190312561453608,0,1,01/22/2023 09:47 PM,0,0,0
0,1,0.0,1,0,,0,1,1677249767994562566,0,1,01/22/2023 09:44 PM,0,0,0
0,1,,1,0,,0,1,1674190376985963172,0,1,01/22/2023 09:45 PM,0,0,0
0,1,,1,0,,0,1,1806749752967643704,0,2,05/01/2023 02:51 PM,0,0,0
0,1,0.0,1,0,0.0,0,1,1806749735787774448,1,3,05/01/2023 02:51 PM,0,0,0
0,1,,1,0,,0,1,1674190591734328326,0,1,01/22/2023 09:44 PM,0,0,0
0,1,,1,0,,0,1,1806753631323112128,0,2,05/01/2023 03:06 PM,0,0,0
0,1,,1,0,,0,1,1827474409018810988,1,0,06/26/2023 11:14 AM,0,0,0
0,1,,1,0,,0,1,1806749727197839808,0,2,05/09/2023 11:42 AM,0,0,0
3,1,0.0,1,3,0.0,0,1,1674190179417467202,0,0,01/22/2023 09:44 PM,0,3,0
0,1,,1,0,,0,1,1806753655768017532,1,1,05/01/2023 03:06 PM,0,0,0
0,1,0.0,1,0,,0,1,1674190153647663366,0,3,01/22/2023 09:46 PM,0,0,0
0,1,0.0,1,0,0.0,0,1,1806749747347777950,1,0,05/01/2023 02:51 PM,0,0,0
0,1,,1,0,,0,1,1806753644208014094,0,2,05/01/2023 03:06 PM,0,0,0
1,1,0.0,1,1,0.0,0,1,1827474409018810994,0,1,06/26/2023 11:14 AM,0,1,0
2,1,0.0,1,2,0.0,0,1,1683527972235589666,0,0,01/22/2023 09:46 PM,0,2,0
0,1,0.0,1,0,,0,1,1695777015314520896,0,1,01/22/2023 09:44 PM,0,0,0
1,1,0.0,1,1,0.0,0,1,1594046422462976736,1,6,01/22/2023 09:44 PM,0,1,0
0,1,0.0,1,0,,0,1,1683527927230188514,0,1,01/22/2023 09:44 PM,0,0,0
0,1,,1,0,,0,1,1806749752967643708,0,3,05/01/2023 02:51 PM,0,0,0
0,1,1.0,1,0,0.0,0,1,1674190673338707104,0,1,01/22/2023 09:47 PM,0,0,0
0,1,0.0,1,0,,0,1,1695776944055742932,0,2,05/08/2023 09:39 AM,0,0,0
0,1,,1,0,,0,1,1806753665682850706,0,2,05/01/2023 03:06 PM,0,0,0
1,1,0.0,1,1,0.0,0,1,1448642188027369090,0,2,01/22/2023 09:44 PM,0,1,0
0,1,,1,0,,0,1,1674190450000407318,0,2,05/11/2023 11:18 AM,0,0,0
0,1,,1,0,,0,1,1674190334036290140,0,1,01/22/2023 09:45 PM,0,0,0
1,1,4.0,1,1,0.0,0,1,1521686986436309688,0,11,05/25/2023 04:32 PM,0,1,0
0,1,0.0,1,0,,0,1,1715823816849873464,0,1,01/22/2023 09:45 PM,0,0,0
0,1,0.0,1,0,,0,1,1674190402755766970,0,1,01/22/2023 09:45 PM,0,0,0
0,1,,1,0,,0,1,1806749718607905182,0,2,05/01/2023 02:51 PM,0,0,0
0,1,0.0,1,0,,0,1,1674190462885309230,0,2,01/22/2023 09:47 PM,0,0,0
0,1,0.0,1,0,,0,1,1674190475770211136,0,1,01/22/2023 09:46 PM,0,0,0
0,1,0.0,1,0,,0,1,1674190226662107536,0,1,01/22/2023 09:47 PM,0,0,0
0,1,,1,0,,0,1,1806753665682850708,0,2,05/01/2023 03:06 PM,0,0,0
4,1,0.0,1,4,0.0,0,1,1674190527309818770,1,0,01/22/2023 09:45 PM,0,4,0
0,1,,1,0,,0,1,1674190428525570794,1,0,01/22/2023 09:45 PM,0,0,0
0,1,0.0,1,0,,0,1,1674190428525570800,0,1,01/22/2023 09:45 PM,0,0,0
0,1,,1,0,,0,1,1674190166532565278,0,1,01/22/2023 09:45 PM,0,0,0
2,1,0.0,1,2,0.0,0,1,1563698718386161684,0,6,01/22/2023 09:46 PM,0,2,0
0,1,,1,0,,0,1,1674190462885309228,1,1,01/22/2023 09:47 PM,0,0,0
1,1,1.0,1,1,0.0,0,1,1674190355511126654,0,0,01/22/2023 09:44 PM,0,1,0
0,1,,1,0,,0,1,1571105055115583502,0,9,01/22/2023 09:44 PM,0,0,0
0,1,0.0,1,0,,0,1,1594046448232780546,1,8,01/22/2023 09:46 PM,0,0,0
0,1,0.0,1,0,,0,1,1674190565964524512,0,1,01/22/2023 09:44 PM,0,0,0
0,1,0.0,1,0,,0,1,1674190282496682476,0,2,01/22/2023 09:44 PM,0,0,0
0,1,,1,0,,0,1,1677249883958679718,0,1,01/22/2023 09:45 PM,0,0,0
0,1,0.0,1,0,,0,1,1715823829734775370,0,1,01/22/2023 09:46 PM,0,0,0
0,1,,1,0,,0,1,1806753631323112148,0,2,05/01/2023 03:06 PM,0,0,0
0,1,0.0,1,0,,0,1,1806749752967643696,0,4,05/01/2023 02:51 PM,0,0,0
0,1,,1,0,,0,1,1674190505834982262,0,2,01/22/2023 09:46 PM,0,0,0
1,1,0.0,1,1,0.0,0,1,1500206163166594382,0,8,05/25/2023 04:29 PM,0,1,0
0,1,0.0,1,0,,0,1,1674190188007401806,0,4,01/22/2023 09:46 PM,0,0,0
0,1,,1,0,,0,1,1674190621799099448,0,5,01/22/2023 09:46 PM,0,0,0
0,1,0.0,1,0,,0,1,1674190183712434504,0,2,01/22/2023 09:47 PM,0,0,0
0,1,0.0,1,0,,0,1,1674190239547009456,1,0,01/22/2023 09:46 PM,0,0,0
0,1,,1,0,,0,1,1677249853893908598,0,1,01/22/2023 09:44 PM,0,0,0
0,1,,1,0,,0,1,1674190303971519000,0,1,01/22/2023 09:46 PM,0,0,0
0,1,0.0,1,0,,0,1,1674190402755766968,1,0,01/22/2023 09:45 PM,0,0,0
0,1,,1,0,,0,1,1806753644208014082,0,2,05/01/2023 03:06 PM,0,0,0
0,1,,1,0,,0,1,1677249798059333678,0,1,01/22/2023 09:46 PM,0,0,0
0,1,,1,0,,0,1,1806749722902872480,0,2,05/01/2023 02:51 PM,0,0,0
2,1,2.0,1,2,0.0,0,1,1594046465420805300,1,6,01/22/2023 09:47 PM,0,2,0
0,1,,1,0,,2,1,1806753665682850694,0,2,05/12/2023 09:45 AM,0,0,0
0,1,,1,0,,0,1,1674190359806093958,0,1,01/22/2023 09:46 PM,0,0,0
4,1,0.0,1,4,0.0,0,1,1674190346921192044,0,2,01/22/2023 09:46 PM,0,4,0
0,1,,1,0,,0,1,1674190295381584396,0,1,01/22/2023 09:46 PM,0,0,0
0,1,,1,0,,0,1,1695776990330095648,0,3,01/22/2023 09:45 PM,0,0,0
0,1,0.0,1,0,,0,1,1695776937826575008,0,1,01/22/2023 09:47 PM,0,0,0
0,1,,1,0,,0,1,1674190570259491812,0,2,01/22/2023 09:44 PM,0,0,0
0,1,0.0,1,0,,0,1,1806753665682850716,0,2,05/01/2023 03:06 PM,0,0,0
0,1,,1,0,,0,1,1674190497245047656,0,3,01/22/2023 09:45 PM,0,0,0
0,1,,1,0,,0,1,1806749727197839826,0,4,05/01/2023 02:51 PM,0,0,0
0,1,0.0,1,0,,0,1,1968524076032467544,0,50,07/26/2024 08:14 PM,0,0,0
0,1,0.0,1,0,,0,1,1695777008480252434,0,2,01/22/2023 09:45 PM,0,0,0
0,1,0.0,1,0,1.0,0,1,1683527948705024000,0,1,01/22/2023 09:44 PM,0,0,0
0,1,0.0,1,0,,0,1,1674190372690995870,0,1,01/22/2023 09:46 PM,0,0,0
0,1,,1,0,,0,1,1806749722902872504,0,2,05/01/2023 02:51 PM,0,0,0
0,1,,1,0,,0,1,1674190669043739798,0,1,01/22/2023 09:46 PM,0,0,0
1,1,0.0,1,1,0.0,0,1,1677249862483843204,0,1,01/22/2023 09:44 PM,0,1,0
0,1,0.0,1,0,,0,1,1695780083082689004,0,2,01/22/2023 09:45 PM,0,0,0
0,1,0.0,1,0,,0,1,1674190385575897778,0,1,01/22/2023 09:47 PM,0,0,0
0,1,,1,0,,0,1,1683527967940622360,0,1,01/22/2023 09:46 PM,0,0,0
0,1,0.0,1,0,,0,1,1715846709795980144,0,1,01/22/2023 09:46 PM,0,0,0
0,1,,1,0,,0,1,1806753665682850704,0,2,05/01/2023 03:06 PM,0,0,0
0,1,,1,0,,0,1,1806749757262611022,0,2,05/01/2023 02:51 PM,0,0,0
0,1,,1,0,,0,1,1806753648502981418,0,2,05/01/2023 03:06 PM,0,0,0
0,1,,1,0,,0,1,1677249798059333674,0,1,01/22/2023 09:44 PM,0,0,0
1,1,0.0,1,1,0.0,0,1,1674190368396028568,0,0,01/22/2023 09:45 PM,0,1,0
0,1,,1,0,,0,1,1715823808259938858,0,1,01/22/2023 09:44 PM,0,0,0
0,1,,1,0,,0,1,1674190209482238318,0,2,01/22/2023 09:46 PM,0,0,0
0,1,,1,0,,0,1,1674190407050734276,0,2,01/22/2023 09:45 PM,0,0,0
0,1,0.0,1,0,,0,1,1674190415640668886,0,2,01/22/2023 09:44 PM,0,0,0
0,1,,1,0,,0,1,1674190664748772496,0,1,01/22/2023 09:45 PM,0,0,0
1,1,0.0,1,1,0.0,0,1,1827474404723843684,0,0,06/26/2023 11:14 AM,0,1,0
0,1,,1,0,,0,1,1806753652797948734,0,2,05/01/2023 03:06 PM,0,0,0
3,1,0.0,1,3,0.0,0,1,1674190501540014960,0,0,01/22/2023 09:46 PM,0,3,0
0,1,,1,0,,0,1,1806753639913046766,0,2,05/09/2023 11:45 AM,0,0,0
0,1,,1,0,,0,1,1806749722902872498,0,4,05/09/2023 11:42 AM,0,0,0
0,1,,1,0,,0,1,1674190626094066752,0,1,01/22/2023 09:45 PM,0,0,0
0,1,0.0,1,0,,0,1,1674190140762761456,0,1,01/22/2023 09:44 PM,0,0,0
0,0,0.0,1,0,,0,0,1753333909108677614,0,6,04/20/2023 04:48 PM,0,0,0
0,1,0.0,1,0,,0,1,1594046405283107528,1,8,01/22/2023 09:44 PM,0,0,0
1,1,0.0,1,1,0.0,0,1,1806753644208014100,0,1,05/01/2023 03:06 PM,0,1,0
0,1,,1,0,,0,1,1674190596029295630,0,2,01/22/2023 09:45 PM,0,0,0
0,1,,1,0,,0,1,1674190342626224744,0,1,01/22/2023 09:44 PM,0,0,0
0,1,,1,0,,0,1,1806749727197839818,0,4,05/01/2023 02:51 PM,0,0,0
0,1,,1,0,,0,1,1674190651863870582,0,1,01/22/2023 09:45 PM,0,0,0
0,1,,1,0,,0,1,1806753644208014096,0,2,05/01/2023 03:06 PM,0,0,0
0,1,,1,0,,0,1,1674190153647663368,0,1,01/22/2023 09:47 PM,0,0,0
0,1,,1,0,,0,1,1674190660453805188,0,2,01/22/2023 09:44 PM,0,0,0
0,1,0.0,1,0,,0,1,1674190471475243834,0,1,01/22/2023 09:44 PM,0,0,0
0,1,0.0,1,0,,0,1,1695780078787721704,0,1,01/22/2023 09:47 PM,0,0,0
0,1,0.0,1,0,,0,1,1674190583144393720,0,1,01/22/2023 09:45 PM,0,0,0
0,1,,1,0,,0,1,1695776969825546726,0,1,01/22/2023 09:47 PM,0,0,0
2,1,0.0,1,2,0.0,0,1,1673852330577033842,0,0,01/22/2023 09:45 PM,0,2,0
0,1,0.0,1,0,,0,1,1806749744377709072,0,2,05/01/2023 02:51 PM,0,0,0
0,1,,1,0,,0,1,1677249888253647022,0,1,01/22/2023 09:45 PM,0,0,0
0,1,,1,0,,0,1,1806749748672676378,0,3,05/01/2023 02:51 PM,0,0,0
4,1,1.0,1,4,1.0,0,1,1594046409578074830,0,5,01/22/2023 09:44 PM,0,4,0
0,1,0.0,1,0,1.0,0,1,1968524019802182408,0,50,07/26/2024 08:13 PM,0,0,0
0,1,,1,0,,0,1,1715823796884267966,0,1,01/22/2023 09:46 PM,0,0,0
1,1,0.0,1,1,0.0,0,1,1715846688321143644,0,0,01/22/2023 09:44 PM,0,1,0
0,1,,1,0,,0,1,1674190261021845962,0,1,01/22/2023 09:46 PM,0,0,0
1,1,0.0,1,1,0.0,0,1,1674190381280930480,0,1,01/22/2023 09:45 PM,0,1,0
0,1,,1,0,,0,1,1806753648502981408,1,1,05/01/2023 03:06 PM,0,0,0
0,1,,1,0,,0,1,1571105059410550802,1,8,01/22/2023 09:44 PM,0,0,0
0,1,0.0,1,0,,0,1,1674190355511126652,0,2,01/22/2023 09:46 PM,0,0,0
0,1,,1,0,,0,1,1806753661387883378,0,2,05/01/2023 03:06 PM,0,0,0
0,1,,1,0,,0,1,1674190299676551700,0,1,01/22/2023 09:45 PM,0,0,0
0,1,0.0,1,0,,0,1,1674190531604786080,0,1,01/22/2023 09:46 PM,0,0,0
0,1,0.0,1,0,,0,1,1695780087377656308,0,1,01/22/2023 09:47 PM,0,0,0
0,1,,1,0,,0,1,1571105055115583500,1,8,01/22/2023 09:45 PM,0,0,0
0,1,,1,0,,0,1,1806749735787774446,0,2,05/01/2023 02:51 PM,0,0,0
0,1,0.0,1,0,,0,1,1674190656158837882,0,1,01/22/2023 09:45 PM,0,0,0
0,1,,1,0,,0,1,1674190286791649782,0,2,01/22/2023 09:44 PM,0,0,0
0,1,0.0,1,0,,0,1,1674190458590341924,0,2,01/22/2023 09:47 PM,0,0,0
0,1,,1,0,,0,1,1674190303971518998,0,2,01/22/2023 09:46 PM,0,0,0
0,1,1.0,1,0,0.0,0,1,1674190243841976758,0,2,05/08/2023 09:37 AM,0,0,0
0,1,,1,0,,0,1,1677249823829137478,0,2,01/22/2023 09:46 PM,0,0,0
0,1,0.0,1,0,0.0,0,1,1674190544489687994,2,0,01/22/2023 09:46 PM,0,0,0
0,1,,1,0,,0,1,1806753648502981416,0,2,05/01/2023 03:06 PM,0,0,0
0,1,,1,0,,0,1,1674190368396028562,1,1,01/22/2023 09:44 PM,0,0,0
0,1,,1,0,,0,1,1806749744377709074,0,2,05/01/2023 02:51 PM,0,0,0
0,1,,1,0,,0,1,1677249785174431766,0,1,01/22/2023 09:44 PM,0,0,0
4,1,1.0,1,4,0.0,0,1,1594046418168009436,1,3,01/22/2023 09:44 PM,0,4,0
0,1,,1,0,,0,1,1674190673338707098,0,2,01/22/2023 09:44 PM,0,0,0
0,1,0.0,1,0,,0,1,1674190205187271014,0,2,01/22/2023 09:46 PM,0,0,0
1,1,0.0,1,1,0.0,0,1,1715846695858815334,0,0,01/22/2023 09:45 PM,0,1,0
0,1,,1,0,,0,1,1677249793764366376,0,1,01/22/2023 09:44 PM,0,0,0
0,1,,1,0,,0,1,1806753644208014084,0,2,05/01/2023 03:06 PM,0,0,0
0,1,,1,0,,0,1,1806749731492807128,0,2,05/01/2023 02:51 PM,0,0,0
0,1,0.0,1,0,,0,1,1806753661387883390,0,2,05/01/2023 03:06 PM,0,0,0
3,1,0.0,1,3,0.0,0,1,1677249858188875902,0,0,01/22/2023 09:45 PM,0,3,0
0,1,,1,0,,0,1,1674190192302369106,0,1,01/22/2023 09:46 PM,0,0,0
0,1,,1,0,,0,1,1806749722902872488,1,4,05/01/2023 02:51 PM,0,0,0
2,1,0.0,1,2,0.0,0,1,1677249862483843200,0,2,01/22/2023 09:46 PM,0,2,0
1,1,0.0,1,1,0.0,0,1,1674190213777205620,0,1,01/22/2023 09:44 PM,0,1,0
0,1,,1,0,,0,1,1806749757262611010,0,2,05/01/2023 02:51 PM,0,0,0
0,1,,1,0,,0,1,1695777002429618978,0,1,01/22/2023 09:45 PM,0,0,0
0,1,,1,0,,0,1,1806749727197839822,0,4,05/01/2023 02:51 PM,0,0,0
0,1,0.0,1,0,,0,1,1695776948350710232,0,3,01/22/2023 09:44 PM,0,0,0
0,1,0.0,1,0,2.0,0,1,1436495109493626546,0,5,07/28/2022 03:42 PM,0,0,0
0,1,0.0,1,0,,0,1,1683527965884893196,0,1,01/22/2023 09:47 PM,0,0,0
0,1,,1,0,,0,1,1806749725872941466,0,2,05/12/2023 09:34 AM,0,0,0
0,1,,1,0,,0,1,1674190540194720686,0,1,01/22/2023 09:44 PM,0,0,0
0,1,,1,0,,0,1,1677249819534170180,0,1,01/22/2023 09:45 PM,0,0,0
0,1,,1,0,,0,1,1674190291086617084,0,2,01/22/2023 09:46 PM,0,0,0
0,1,,1,0,,0,1,1806753648502981414,0,2,05/01/2023 03:06 PM,0,0,0
0,1,0.0,1,0,,0,1,1683527955055720454,0,1,01/22/2023 09:44 PM,0,0,0
0,1,,1,0,,0,1,1806749761557578336,0,2,05/01/2023 02:51 PM,0,0,0
0,1,,1,0,,0,1,1715846718385914742,0,2,01/22/2023 09:45 PM,0,0,0
0,1,,1,0,,0,1,1806749744377709078,0,4,05/01/2023 02:51 PM,0,0,0
0,1,0.0,1,0,,0,1,1806753631323112136,0,2,05/01/2023 03:06 PM,0,0,0
0,1,,1,0,,0,1,1806749718607905162,0,2,05/01/2023 02:51 PM,0,0,0
0,1,,1,0,,0,1,1674190638978968660,0,1,01/22/2023 09:46 PM,0,0,0
4,1,0.0,1,4,0.0,0,1,1806753652797948752,3,0,05/01/2023 03:06 PM,0,4,0
0,1,0.0,1,0,0.0,0,1,1674190617504132140,1,3,01/22/2023 09:44 PM,0,0,0
3,1,0.0,1,3,0.0,0,1,1594046435347878642,1,5,01/22/2023 09:45 PM,0,3,0
0,1,,1,0,,0,1,1806749731492807140,0,2,05/12/2023 09:31 AM,0,0,0
0,1,0.0,1,0,,0,1,1674190437115505410,0,2,01/22/2023 09:44 PM,0,0,0
0,1,0.0,1,0,,0,1,1674190235252042148,0,4,01/22/2023 09:44 PM,0,0,0
0,1,,1,0,,0,1,1677249802354300978,0,1,01/22/2023 09:47 PM,0,0,0
0,1,,1,0,,0,1,1674190608914197536,0,1,01/22/2023 09:44 PM,0,0,0
0,1,,1,0,,0,1,1674190149352696064,0,1,01/22/2023 09:46 PM,0,0,0
2,1,0.0,1,2,0.0,0,1,1806753639913046780,0,0,05/01/2023 03:06 PM,0,2,0
0,1,,1,0,,0,1,1674190458590341922,0,1,01/22/2023 09:44 PM,0,0,0
0,1,,1,0,,0,1,1674190265316813260,0,1,01/22/2023 09:45 PM,0,0,0
0,1,,1,0,,0,1,1674190278201715174,0,2,01/22/2023 09:47 PM,0,0,0
0,1,0.0,1,0,,0,1,1674190647568903276,0,1,01/22/2023 09:47 PM,0,0,0
0,1,,1,0,,0,1,1674190544489687988,0,1,01/22/2023 09:44 PM,0,0,0
0,1,,1,0,,0,1,1806753635618079450,0,2,05/01/2023 03:06 PM,0,0,0
0,1,0.0,1,0,,0,1,1674190578849426418,0,2,01/22/2023 09:46 PM,0,0,0
0,1,,1,0,,0,1,1674190514424916870,0,2,01/22/2023 09:47 PM,0,0,0
0,1,,1,0,,0,1,1683527963645655062,0,1,01/22/2023 09:45 PM,0,0,0
0,1,0.0,1,0,0.0,0,1,1827474409018810998,1,2,06/26/2023 11:14 AM,0,0,0
1,1,0.0,1,1,0.0,0,1,1806753652797948750,1,0,05/03/2023 03:54 PM,0,1,0
0,1,,1,0,,0,1,1674190535899753382,0,1,01/22/2023 09:47 PM,0,0,0
0,1,,1,0,,0,1,1674190561669557206,0,2,01/22/2023 09:45 PM,0,0,0
0,1,,1,0,,0,1,1674190540194720688,0,1,01/22/2023 09:46 PM,0,0,0
0,1,,1,0,,0,1,1677249875368745118,0,1,01/22/2023 09:46 PM,0,0,0
0,1,,1,0,,0,1,1806753647178082938,0,2,05/01/2023 03:06 PM,0,0,0
0,1,,1,0,,0,1,1674190497245047650,0,1,01/22/2023 09:47 PM,0,0,0
0,1,0.0,1,0,,0,1,1674190200892303712,0,1,01/22/2023 09:44 PM,0,0,0
0,1,0.0,1,0,,0,1,1674190213777205624,0,1,01/22/2023 09:44 PM,0,0,0
0,1,0.0,1,0,0.0,0,1,1594046413873042136,1,7,01/22/2023 09:45 PM,0,0,0
0,1,1.0,1,0,0.0,0,1,1674190445705440012,0,0,01/22/2023 09:45 PM,0,0,0
1,1,0.0,1,1,0.0,0,1,1674190269611780566,0,0,01/22/2023 09:46 PM,0,1,0
2,1,0.0,1,2,0.0,0,1,1806753652797948724,0,0,05/01/2023 03:06 PM,0,2,0
0,1,0.0,1,0,0.0,0,1,1806753657092916072,1,1,05/01/2023 03:06 PM,0,0,0
0,1,,1,0,,0,1,1806749748672676392,0,4,05/01/2023 02:51 PM,0,0,0
0,1,,1,0,,0,1,1806749752967643710,0,2,05/01/2023 02:51 PM,0,0,0
5,1,0.0,1,5,0.0,0,1,1582242289567815212,0,2,01/22/2023 09:47 PM,0,5,0
1,1,0.0,1,1,0.0,0,1,1674190488655113046,0,1,01/22/2023 09:45 PM,0,1,0
0,1,,1,0,,0,1,1674190694813543598,0,2,01/22/2023 09:44 PM,0,0,0
0,1,1.0,1,0,0.0,0,1,1715846714090947442,0,1,01/22/2023 09:46 PM,0,0,0
0,1,0.0,1,0,,0,1,1677249772289529866,0,1,01/22/2023 09:45 PM,0,0,0
0,1,,1,0,,0,1,1695776969825546724,0,1,01/22/2023 09:44 PM,0,0,0
0,1,,1,0,,0,1,1806753635618079454,0,2,05/01/2023 03:06 PM,0,0,0
0,1,,1,0,,0,1,1674190145057728764,0,1,01/22/2023 09:45 PM,0,0,0
3,1,0.0,1,3,0.0,0,1,1677249802354300980,0,1,01/22/2023 09:46 PM,0,3,0
0,1,0.0,1,0,0.0,0,1,1674190535899753386,1,2,01/22/2023 09:47 PM,0,0,0
0,1,,1,0,,0,1,1683527950760754174,0,1,01/22/2023 09:44 PM,0,0,0
0,1,0.0,1,0,0.0,0,1,1674190548784655292,1,1,01/22/2023 09:45 PM,0,0,0
0,1,1.0,1,0,0.0,0,1,1674190402755766966,0,1,01/22/2023 09:44 PM,0,0,0
0,1,,1,0,,0,1,1677249845303973994,0,2,01/22/2023 09:46 PM,0,0,0
0,1,,1,0,,0,1,1806749752967643712,0,2,05/01/2023 02:51 PM,0,0,0
2,1,0.0,1,2,0.0,0,1,1448642175142467180,0,3,01/22/2023 09:45 PM,0,2,0
0,1,,1,0,,0,1,1806749722902872486,0,2,05/01/2023 02:51 PM,0,0,0
0,0,0.0,0,0,,0,0,1968523359874576876,0,50,07/24/2024 04:40 PM,0,0,0
0,1,,1,0,,0,1,1806753635618079462,0,2,05/01/2023 03:06 PM,0,0,0
0,1,1.0,1,0,0.0,0,1,1674190673338707100,0,1,01/22/2023 09:44 PM,0,0,0
0,1,0.0,1,0,,0,1,1677249793764366368,0,1,01/22/2023 09:47 PM,0,0,0
0,1,,1,0,,0,1,1677249875368745112,0,1,01/22/2023 09:44 PM,0,0,0
0,1,0.0,1,0,,0,1,1674190596029295628,0,2,01/22/2023 09:44 PM,0,0,0
4,1,0.0,1,4,0.0,0,1,1594046439642845944,0,2,01/22/2023 09:47 PM,0,4,0
0,1,1.0,1,0,0.0,0,1,1436495119852630436,1,5,05/12/2023 09:31 AM,0,0,0
0,1,0.0,1,0,,0,1,1674190308266486308,0,1,01/22/2023 09:46 PM,0,0,0
0,1,,1,0,,0,1,1683527931525155816,0,1,01/22/2023 09:45 PM,0,0,0
0,1,0.0,1,0,0.0,0,1,1806753644208014088,1,1,05/01/2023 03:06 PM,0,0,0
0,1,,1,0,,0,1,1674190368396028570,1,0,01/22/2023 09:45 PM,0,0,0
0,1,0.0,1,0,,0,1,1677249776584497168,0,2,01/22/2023 09:47 PM,0,0,0
0,1,0.0,1,0,,0,1,1968523977248219732,0,50,07/26/2024 08:12 PM,0,0,0
0,1,0.0,1,0,,0,1,1677249871073777806,0,2,01/22/2023 09:47 PM,0,0,0
0,1,,1,0,,0,1,1695776985249749776,1,0,01/22/2023 09:46 PM,0,0,0
0,1,,1,0,,0,1,1695776980954782472,1,1,01/22/2023 09:45 PM,0,0,0
0,1,0.0,1,0,,0,1,1674190372690995868,0,1,01/22/2023 09:45 PM,0,0,0
0,1,0.0,1,0,,0,1,1683527931525155818,0,2,01/22/2023 09:46 PM,0,0,0
0,1,,1,0,,0,1,1677249815239202874,0,1,01/22/2023 09:47 PM,0,0,0
1,1,0.0,1,1,0.0,0,1,1448642183732401786,0,8,05/19/2023 02:01 PM,0,1,0
0,1,0.0,1,0,0.0,0,1,1674190295381584392,1,0,01/22/2023 09:46 PM,0,0,0
2,1,0.0,1,2,0.0,0,1,1683527955055720452,0,0,01/22/2023 09:44 PM,0,2,0
0,1,,1,0,,0,1,1677249841009006694,0,1,01/22/2023 09:46 PM,0,0,0
1,1,0.0,1,1,0.0,0,1,1806753635618079448,1,0,05/01/2023 03:06 PM,0,1,0
0,1,,1,0,,0,1,1677249849598941296,0,2,01/22/2023 09:44 PM,0,0,0
0,1,,1,0,,0,1,1674190553079622596,0,1,01/22/2023 09:46 PM,0,0,0
0,1,,1,0,,0,1,1806753652797948740,0,2,05/01/2023 03:06 PM,0,0,0
0,1,,1,0,,0,1,1674190643273935966,1,0,01/22/2023 09:45 PM,0,0,0
1,1,0.0,1,1,0.0,0,1,1674190205187271016,0,1,01/22/2023 09:44 PM,0,1,0
0,1,1.0,1,0,0.0,0,1,1436495115557663136,0,7,01/22/2023 09:44 PM,0,0,0
0,1,0.0,1,0,,0,1,1674190329741322832,0,3,01/22/2023 09:44 PM,0,0,0
0,1,1.0,1,0,0.0,0,1,1674190325446355528,0,0,01/22/2023 09:44 PM,0,0,0
0,1,0.0,1,0,,0,1,1674190351216159352,0,1,01/22/2023 09:44 PM,0,0,0
0,1,,1,0,,0,1,1674190424230603494,0,1,01/22/2023 09:46 PM,0,0,0
0,1,,1,0,,0,1,1677249849598941300,0,1,01/22/2023 09:45 PM,0,0,0
0,1,0.0,1,0,,0,1,1674190235252042152,0,1,01/22/2023 09:45 PM,0,0,0
0,0,,1,0,,0,0,1677249836714039390,0,1,06/22/2023 09:44 AM,0,0,0
1,1,0.0,1,1,0.0,0,1,1683527944410057716,0,0,01/22/2023 09:44 PM,0,1,0
0,1,,1,0,,0,1,1806753638588148344,0,2,05/01/2023 03:06 PM,0,0,0
1,1,0.0,1,1,0.0,0,1,1674190239547009450,0,0,01/22/2023 09:45 PM,0,1,0
2,1,0.0,1,2,0.0,0,1,1594046448262943690,0,6,01/22/2023 09:44 PM,0,2,0
0,1,,1,0,,0,1,1677249888253647024,0,1,01/22/2023 09:45 PM,0,0,0
0,1,0.0,1,0,,0,1,1674190450000407314,0,2,01/22/2023 09:47 PM,0,0,0
0,1,,1,0,,0,1,1674190140762761460,0,1,01/22/2023 09:45 PM,0,0,0
0,1,,1,0,,0,1,1674190157942630672,1,0,01/22/2023 09:46 PM,0,0,0
0,1,0.0,1,0,,0,1,1715823816849873466,0,1,01/22/2023 09:44 PM,0,0,0
5,1,1.0,1,5,0.0,0,1,1594046439642845942,0,0,01/22/2023 09:46 PM,0,5,0
1,1,0.0,1,1,0.0,0,1,1674190484360145738,2,0,01/22/2023 09:47 PM,0,1,0
0,1,0.0,1,0,,0,1,1674190673338707102,0,1,01/22/2023 09:46 PM,0,0,0
0,1,0.0,1,0,,0,1,1674190308266486300,0,1,01/22/2023 09:46 PM,0,0,0
1,1,0.0,1,1,0.0,0,1,1674190651863870576,0,4,01/22/2023 09:47 PM,0,1,0
0,1,,1,0,,0,1,1674190261021845958,0,1,01/22/2023 09:46 PM,0,0,0
0,1,,1,0,,0,1,1806753648502981424,0,2,05/01/2023 03:06 PM,0,0,0
0,1,0.0,1,0,,0,1,1674190441410472714,0,1,01/22/2023 09:45 PM,0,0,0
0,1,0.0,1,0,,0,1,1436495096608724634,0,4,07/28/2022 03:40 PM,0,0,0
0,1,,1,0,,0,1,1806753657092916066,0,2,05/01/2023 03:06 PM,0,0,0
0,1,,1,0,,0,1,1677249823829137480,0,2,01/22/2023 09:45 PM,0,0,0
4,1,0.0,1,4,0.0,0,1,1674190286791649784,1,0,01/22/2023 09:45 PM,0,4,0
0,1,,1,0,,0,1,1806753631323112134,0,2,05/01/2023 03:06 PM,0,0,0
0,1,,1,0,,0,1,1674190505834982260,0,1,01/22/2023 09:44 PM,0,0,0
2,1,0.0,1,2,0.0,0,1,1594046400988140228,0,7,01/22/2023 09:46 PM,0,2,0
0,1,0.0,1,0,,0,1,1715846705501012844,0,2,01/22/2023 09:45 PM,0,0,0
0,1,,1,0,,0,1,1674190218072172926,0,2,01/22/2023 09:44 PM,0,0,0
0,1,1.0,1,0,0.0,0,1,1674190407050734272,0,1,01/22/2023 09:47 PM,0,0,0
0,1,,1,0,,0,1,1806749757262611018,0,2,05/01/2023 02:51 PM,0,0,0
0,1,0.0,1,0,,0,1,1683527963645655060,0,1,01/22/2023 09:45 PM,0,0,0
0,1,,1,0,,0,1,1674190544489687990,0,3,01/22/2023 09:46 PM,0,0,0
0,1,,1,0,,0,1,1674190321151388222,0,1,01/22/2023 09:46 PM,0,0,0
0,1,,1,0,,0,1,1674190419935636184,0,1,01/22/2023 09:45 PM,0,0,0
1,1,1.0,1,1,0.0,0,1,1674190437115505412,0,1,01/22/2023 09:47 PM,0,1,0
9,1,0.0,1,9,0.0,0,1,1571105050820616196,4,0,01/22/2023 09:46 PM,0,9,0
0,1,,1,0,,0,1,1806749757262611026,0,4,05/01/2023 02:51 PM,0,0,0
0,1,0.0,1,0,,0,1,1715823822654071770,0,1,01/22/2023 09:45 PM,0,0,0
0,1,0.0,1,0,,0,1,1674190218072172928,2,0,01/22/2023 09:45 PM,0,0,0
0,1,,1,0,,0,1,1674190462885309226,0,2,01/22/2023 09:46 PM,0,0,0
0,1,1.0,1,0,0.0,0,1,1674190157942630676,0,2,01/22/2023 09:45 PM,0,0,0
0,1,0.0,1,0,,0,1,1674190329741322834,0,3,01/22/2023 09:45 PM,0,0,0
0,1,0.0,1,0,,0,1,1695776950890011384,0,2,01/22/2023 09:44 PM,0,0,0
0,1,,1,0,,0,1,1674190265316813264,0,1,01/22/2023 09:46 PM,0,0,0
0,1,,1,0,,0,1,1806749755937712544,0,2,05/01/2023 02:51 PM,0,0,0
0,1,0.0,1,0,,0,1,1695777004185285136,1,0,01/22/2023 09:44 PM,0,0,0
0,1,0.0,1,0,,0,1,1674190484360145746,0,1,01/22/2023 09:44 PM,0,0,0
0,1,,1,0,,0,1,1683527959350687752,0,1,01/22/2023 09:47 PM,0,0,0
0,1,,1,0,,0,1,1674190346921192042,0,1,01/22/2023 09:44 PM,0,0,0
0,1,0.0,1,0,0.0,0,1,1674190415640668880,1,2,01/22/2023 09:44 PM,0,0,0
0,1,,1,0,,0,1,1674190175122499898,0,2,01/22/2023 09:45 PM,0,0,0
1,1,0.0,1,1,0.0,0,1,1594046383808271024,0,8,01/22/2023 09:45 PM,0,1,0
0,1,,1,0,,0,1,1674190381280930476,0,2,01/22/2023 09:45 PM,0,0,0
0,1,0.0,1,0,,0,1,1715846700153782636,0,2,01/22/2023 09:45 PM,0,0,0
0,1,,1,0,,0,1,1674190200892303716,0,1,01/22/2023 09:45 PM,0,0,0
0,1,,1,0,,0,1,1806753669977818020,0,2,05/01/2023 03:06 PM,0,0,0
0,1,,1,0,,0,1,1806749727197839810,0,2,05/09/2023 11:48 AM,0,0,0
0,1,,1,0,,0,1,1674190553079622598,0,1,01/22/2023 09:47 PM,0,0,0
0,1,,1,0,,0,1,1806753639913046764,0,2,05/01/2023 03:06 PM,0,0,0
0,1,,1,0,,0,1,1806749735787774444,0,4,05/04/2023 12:50 PM,0,0,0
5,1,0.0,1,5,0.0,0,1,1561012887305957948,0,4,01/22/2023 09:45 PM,0,5,0
0,1,,1,0,,0,1,1806753665682850702,0,2,05/01/2023 03:06 PM,0,0,0
0,1,0.0,1,0,,0,1,1695777003591137960,0,2,01/22/2023 09:45 PM,0,0,0
0,1,0.0,1,0,,0,1,1806753631323112140,0,2,05/01/2023 03:06 PM,0,0,0
1,1,0.0,1,1,0.0,0,1,1674190222367140236,0,1,01/22/2023 09:46 PM,0,1,0
0,1,0.0,1,0,,0,1,1695776946416509604,0,1,01/22/2023 09:45 PM,0,0,0
1,1,0.0,1,1,0.0,0,1,1806753661387883382,0,1,05/01/2023 03:06 PM,0,1,0
0,1,1.0,1,0,0.0,0,1,1677249772289529864,0,0,01/22/2023 09:45 PM,0,0,0
0,1,,1,0,,0,1,1695776961235612130,0,1,01/22/2023 09:44 PM,0,0,0
0,1,,1,0,,0,1,1571105068000485406,1,8,01/22/2023 09:45 PM,0,0,0
0,1,0.0,1,0,0.0,0,1,1674190531604786074,1,0,01/22/2023 09:45 PM,0,0,0
0,1,,1,0,,0,1,1674190651863870574,0,2,01/22/2023 09:44 PM,0,0,0
1,1,0.0,1,1,0.0,0,1,1563698679731458032,2,5,01/22/2023 09:46 PM,0,1,0
0,1,0.0,1,0,,0,1,1715823826949039076,0,1,01/22/2023 09:45 PM,0,0,0
0,1,,1,0,,0,1,1806749722902872482,1,3,05/01/2023 02:51 PM,0,0,0
1,1,0.0,1,1,0.0,0,1,1683527948705025022,0,0,01/22/2023 09:45 PM,0,1,0
0,1,0.0,1,0,,0,1,1674190166532565276,0,2,01/22/2023 09:45 PM,0,0,0
0,1,0.0,1,0,,0,1,1674190587439361022,0,4,01/22/2023 09:46 PM,0,0,0
0,1,,1,0,,0,1,1674190149352696066,0,1,01/22/2023 09:46 PM,0,0,0
1,1,0.0,1,1,0.0,0,1,1594046396693172926,0,8,01/22/2023 09:46 PM,0,1,0
0,1,,1,0,,0,1,1806749752967643692,0,2,05/01/2023 02:51 PM,0,0,0
0,1,,1,0,,0,1,1674190282496682478,0,2,01/22/2023 09:45 PM,0,0,0
0,1,,1,0,,0,1,1674190527309818776,0,1,01/22/2023 09:47 PM,0,0,0
3,1,1.0,1,3,0.0,0,1,1594046413873042132,3,3,01/22/2023 09:44 PM,0,3,0
0,1,,1,0,,0,1,1674190303971519002,0,1,01/22/2023 09:44 PM,0,0,0
0,1,0.0,1,0,,0,1,1674190523014851470,0,1,01/22/2023 09:45 PM,0,0,0
0,1,0.0,1,0,,0,1,1677249793764366370,0,1,01/22/2023 09:44 PM,0,0,0
0,1,,1,0,,0,1,1806753652797948732,0,2,05/09/2023 11:47 AM,0,0,0
0,1,0.0,1,0,,0,1,1673852317692131950,0,1,01/22/2023 09:45 PM,0,0,0
0,1,0.0,1,0,,0,1,1674190222367140232,0,8,01/22/2023 09:45 PM,0,0,0
0,1,0.0,1,0,,0,1,1674190694813543600,0,3,01/22/2023 09:44 PM,0,0,0
0,1,0.0,1,0,,0,1,1715846713038684540,0,1,01/22/2023 09:45 PM,0,0,0
2,1,0.0,1,2,0.0,0,1,1448642183732401788,0,5,01/22/2023 09:45 PM,0,2,0
1,1,0.0,1,1,0.0,0,1,1806749731492807130,1,0,05/01/2023 02:51 PM,0,1,0
0,1,,1,0,,0,1,1695776968069880576,0,1,01/22/2023 09:46 PM,0,0,0
3,1,0.0,1,3,1.0,0,1,1561012870126088746,0,6,01/22/2023 09:46 PM,0,3,0
0,1,0.0,1,0,,0,1,1677249853893908600,0,2,01/22/2023 09:47 PM,0,0,0
0,1,0.0,1,0,,0,1,1695780078787721700,0,2,01/22/2023 09:44 PM,0,0,0
0,1,,1,0,,0,1,1448642162257565286,4,1,01/22/2023 09:44 PM,0,0,0
1,1,0.0,1,1,0.0,0,1,1806753661387883392,0,1,05/01/2023 03:06 PM,0,1,0
0,1,,1,0,,0,1,1674190282496682480,1,2,01/22/2023 09:44 PM,0,0,0
0,1,,1,0,,0,1,1806753661387883396,0,2,05/01/2023 03:06 PM,0,0,0
0,1,0.0,1,0,,0,1,1715823822654071768,0,2,01/22/2023 09:47 PM,0,0,0
0,1,,1,0,,0,1,1806753657092916062,0,2,05/01/2023 03:06 PM,0,0,0
0,1,,1,0,,0,1,1674190200892303714,0,1,01/22/2023 09:44 PM,0,0,0
0,1,0.0,1,0,,0,1,1673852313397164648,0,2,01/22/2023 09:44 PM,0,0,0
0,1,,1,0,,0,1,1715823812554906162,0,1,01/22/2023 09:45 PM,0,0,0
0,1,0.0,1,0,0.0,0,1,1674190600324262930,1,0,01/22/2023 09:44 PM,0,0,0
0,1,0.0,1,0,,0,1,1806753635618079458,0,2,05/01/2023 03:06 PM,0,0,0
0,1,,1,0,,0,1,1674190256726878654,0,1,01/22/2023 09:47 PM,0,0,0
0,1,0.0,1,0,,0,1,1715846696911078242,0,2,01/22/2023 09:45 PM,0,0,0
0,1,,1,0,,0,1,1806753669977818026,0,2,05/09/2023 11:49 AM,0,0,0
1,1,0.0,1,1,0.0,0,1,1827474404723843690,0,1,06/26/2023 11:14 AM,0,1,0
0,1,,1,0,,0,1,1677249793764366374,0,5,01/22/2023 09:45 PM,0,0,0
0,1,0.0,1,0,,0,1,1674190334036290134,0,3,01/22/2023 09:46 PM,0,0,0
2,1,0.0,1,2,0.0,0,1,1806749722902872500,0,7,05/11/2023 11:13 AM,0,2,0
0,1,0.0,1,0,,0,1,1715846701206045544,0,2,01/22/2023 09:46 PM,0,0,0
0,1,0.0,1,0,0.0,0,1,1677249832419072086,1,1,01/22/2023 09:45 PM,0,0,0
0,1,,1,0,,0,1,1674190432820538104,0,1,05/11/2023 11:05 AM,0,0,0
0,1,,1,0,,0,1,1674190677633674408,0,1,01/22/2023 09:44 PM,0,0,0
0,1,0.0,1,0,,0,1,1674190325446355532,0,2,01/22/2023 09:45 PM,0,0,0
0,1,,1,0,,0,1,1806753631323112124,0,2,05/01/2023 03:06 PM,0,0,0
1,1,0.0,1,1,0.0,0,1,1715846713038684536,0,0,01/22/2023 09:44 PM,0,1,0
0,1,,1,0,,0,1,1806753657092916064,1,1,05/09/2023 04:47 PM,0,0,0
0,1,0.0,1,0,,0,1,1674190441410472710,0,2,05/08/2023 09:39 AM,0,0,0
0,1,,1,0,,0,1,1806749722902872502,0,5,05/09/2023 11:44 AM,0,0,0
0,1,,1,0,,0,1,1674190660453805190,0,2,01/22/2023 09:46 PM,0,0,0
3,1,0.0,1,3,0.0,0,1,1561012878716023344,0,4,01/22/2023 09:44 PM,0,3,0
1,1,0.0,1,1,0.0,0,1,1695776991300383222,1,1,01/22/2023 09:45 PM,0,1,0
0,1,,1,0,,0,1,1674190510129949562,0,2,01/22/2023 09:47 PM,0,0,0
0,1,,1,0,,0,1,1677249819534170178,0,1,01/22/2023 09:46 PM,0,0,0
0,1,,1,0,,0,1,1677249828124104786,0,1,01/22/2023 09:45 PM,0,0,0
1,1,0.0,1,1,0.0,0,1,1715823825439808068,0,0,01/22/2023 09:45 PM,0,1,0
0,1,,1,0,,0,1,1674190145057728760,1,0,01/22/2023 09:46 PM,0,0,0
5,1,0.0,1,5,0.0,0,1,1582242285272847904,0,4,01/22/2023 09:44 PM,0,5,0
0,1,,1,0,,0,1,1806749718607905154,0,2,05/01/2023 02:51 PM,0,0,0
1,1,0.0,1,1,0.0,0,1,1575949519568499430,0,7,05/16/2023 09:37 AM,0,1,0
0,1,,1,0,,0,1,1806749731492807146,0,2,05/04/2023 12:48 PM,0,0,0
0,1,,1,0,,0,1,1806749761557578338,0,4,05/01/2023 02:51 PM,0,0,0
0,1,,1,0,,0,1,1674190501540014956,1,2,01/22/2023 09:44 PM,0,0,0
0,1,,1,0,,0,1,1695776995595350522,0,2,01/22/2023 09:47 PM,0,0,0
4,1,0.0,1,4,0.0,0,1,1683527972235589660,0,0,01/22/2023 09:46 PM,0,4,0
0,1,1.0,1,0,0.0,0,1,1594046388103238324,0,5,01/22/2023 09:46 PM,0,0,0
0,1,,1,0,,0,1,1806753652797948722,0,2,05/01/2023 03:06 PM,0,0,0
0,1,0.0,1,0,,0,1,1674190364101061262,0,2,01/22/2023 09:46 PM,0,0,0
0,1,,1,0,,0,1,1806753661387883388,0,2,05/09/2023 11:49 AM,0,0,0
0,1,,1,0,,0,1,1806753635618079452,0,2,05/12/2023 09:33 AM,0,0,0
1,1,2.0,1,1,0.0,0,1,1594046443937813244,3,4,01/22/2023 09:44 PM,0,1,0
6,1,0.0,1,6,0.0,0,1,1575949510978564828,2,0,01/22/2023 09:47 PM,0,6,0
0,1,0.0,1,0,,0,1,1695776941114034252,0,1,01/22/2023 09:47 PM,0,0,0
0,1,,1,0,,0,1,1806753648502981404,0,2,05/01/2023 03:06 PM,0,0,0
0,1,,1,0,,0,1,1806749727197839820,0,2,05/04/2023 12:52 PM,0,0,0
1,1,0.0,1,1,0.0,0,1,1806749740082741756,0,3,05/01/2023 02:51 PM,0,1,0
0,1,0.0,1,0,,0,1,1674190256726878658,0,2,01/22/2023 09:45 PM,0,0,0
0,1,0.0,1,0,,0,1,1677249871073777808,0,1,01/22/2023 09:45 PM,0,0,0
0,1,,1,0,,0,1,1674190278201715178,0,1,01/22/2023 09:46 PM,0,0,0
0,1,,1,0,,0,1,1674190664748772492,0,2,01/22/2023 09:44 PM,0,0,0
0,1,0.0,1,0,,0,1,1674190325446355526,0,1,01/22/2023 09:44 PM,0,0,0
0,1,0.0,1,0,,0,1,1695777004185285124,0,3,01/22/2023 09:45 PM,0,0,0
0,1,,1,0,,0,1,1695776985249749774,0,1,01/22/2023 09:46 PM,0,0,0
1,1,0.0,1,1,0.0,0,1,1806749757262611012,1,1,05/01/2023 02:51 PM,0,1,0
2,1,0.0,1,2,0.0,0,1,1582242289567815208,0,4,01/22/2023 09:46 PM,0,2,0
0,1,0.0,1,0,,0,1,1674190488655113048,1,1,05/08/2023 09:39 AM,0,0,0
0,1,,1,0,,0,1,1806749718607905176,0,4,05/01/2023 02:51 PM,0,0,0
0,1,,1,0,,0,1,1806753629998213750,0,4,05/01/2023 03:06 PM,0,0,0
1,1,0.0,1,1,0.0,0,1,1674190424230603488,0,0,01/22/2023 09:47 PM,0,1,0
0,1,,1,0,,0,1,1806749748672676388,1,3,05/01/2023 02:51 PM,0,0,0
0,1,0.0,1,0,,0,1,1674190329741322836,1,0,01/22/2023 09:44 PM,0,0,0
7,1,0.0,1,7,0.0,0,1,1674190209482238322,0,0,01/22/2023 09:47 PM,0,7,0
0,1,,1,0,,0,1,1806749731492807144,0,2,05/01/2023 02:51 PM,0,0,0
1,1,0.0,1,1,0.0,0,1,1806749731492807132,0,2,05/01/2023 02:51 PM,0,1,0
0,1,,1,0,,0,1,1806749752967643698,0,4,05/15/2023 02:29 PM,0,0,0
0,1,,1,0,,0,1,1674190261021845960,0,1,01/22/2023 09:46 PM,0,0,0
0,1,0.0,1,0,,0,1,1674190226662107538,0,1,01/22/2023 09:45 PM,0,0,0
0,0,0.0,1,0,,0,0,1521690221159885714,0,0,06/29/2024 10:48 PM,0,0,0
0,1,,1,0,,0,1,1806749718607905164,0,2,05/01/2023 02:51 PM,0,0,0
0,1,,1,0,,0,1,1677249836714039384,0,1,01/22/2023 09:46 PM,0,0,0
0,1,,1,0,,0,1,1806749718607905152,0,2,05/01/2023 02:51 PM,0,0,0
1,1,2.0,1,1,1.0,0,1,1594046370923369114,0,8,04/26/2023 08:04 PM,0,1,0
0,1,0.0,1,0,,0,1,1674190248136944056,0,1,01/22/2023 09:47 PM,0,0,0
0,1,,1,0,,0,1,1674190617504132144,0,1,01/22/2023 09:44 PM,0,0,0
1,1,0.0,1,1,0.0,0,1,1674190544489687992,0,1,01/22/2023 09:45 PM,0,1,0
0,1,,1,0,,0,1,1674190351216159354,0,9,01/22/2023 09:45 PM,0,0,0
0,1,,1,0,,0,1,1715823812554906166,0,1,01/22/2023 09:44 PM,0,0,0
0,1,0.0,1,0,,0,1,1674190527309818774,1,0,01/22/2023 09:47 PM,0,0,0
0,1,0.0,1,0,,0,1,1683527927230188516,0,1,01/22/2023 09:44 PM,0,0,0
0,1,0.0,1,0,,0,1,1674190570259491814,0,2,01/22/2023 09:44 PM,0,0,0
0,1,,1,0,,0,1,1715823796884267962,0,1,01/22/2023 09:46 PM,0,0,0
0,1,,1,0,,0,1,1674190359806093962,0,1,01/22/2023 09:45 PM,0,0,0
0,1,,1,0,,0,1,1806749718607905180,0,2,05/01/2023 02:51 PM,0,0,0
0,1,,1,0,,0,1,1695777002429618974,0,1,01/22/2023 09:46 PM,0,0,0
1,1,0.0,1,1,0.0,0,1,1594046431052911340,2,6,01/22/2023 09:44 PM,0,1,0
0,1,1.0,1,0,0.0,0,1,1674190419935636190,0,1,01/22/2023 09:46 PM,0,0,0
0,1,0.0,1,0,0.0,0,1,1674190630389034058,1,1,01/22/2023 09:46 PM,0,0,0
2,1,0.0,1,2,0.0,0,1,1594046448232780548,0,7,01/22/2023 09:44 PM,0,2,0
1,1,0.0,1,1,0.0,0,1,1806749731492807136,0,1,05/01/2023 02:51 PM,0,1,0
0,1,0.0,1,0,,0,1,1674190162237597978,0,1,01/22/2023 09:44 PM,0,0,0
0,1,,1,0,,0,1,1806749722902872496,0,3,05/01/2023 02:51 PM,0,0,0
7,1,0.0,1,7,0.0,0,1,1594046405283107532,0,2,01/22/2023 09:45 PM,0,7,0
0,1,1.0,1,0,0.0,0,1,1695776938005109486,0,1,01/22/2023 09:46 PM,0,0,0
0,1,,1,0,,0,1,1674190230957074842,0,2,01/22/2023 09:44 PM,0,0,0
0,1,,1,0,,0,1,1674190376985963174,0,1,01/22/2023 09:45 PM,0,0,0
0,1,,1,0,,0,1,1683527937875852268,0,1,01/22/2023 09:46 PM,0,0,0
0,1,,1,0,,0,1,1715823812554906158,0,1,01/22/2023 09:45 PM,0,0,0
0,1,,1,0,,0,1,1677249849598941294,0,1,01/22/2023 09:45 PM,0,0,0
2,1,0.0,1,2,0.0,0,1,1806749731492807126,0,2,05/01/2023 02:51 PM,0,2,0
0,1,0.0,1,0,1.0,0,1,1436495105198659246,0,6,07/28/2022 03:42 PM,0,0,0
0,1,,1,0,,0,1,1674190183712434502,0,1,01/22/2023 09:46 PM,0,0,0
0,1,0.0,1,0,,0,1,1695780091296484234,0,1,01/22/2023 09:46 PM,0,0,0
1,1,0.0,1,1,0.0,0,1,1677249780879464468,0,0,01/22/2023 09:46 PM,0,1,0
0,1,0.0,1,0,,0,1,1695776942300076784,0,1,01/22/2023 09:46 PM,0,0,0
0,1,,1,0,,0,1,1674190686223609002,0,1,01/22/2023 09:47 PM,0,0,0
0,1,0.0,1,0,,0,1,1674190407050734268,0,3,01/22/2023 09:46 PM,0,0,0
0,1,,1,0,,0,1,1677249879663712418,0,1,01/22/2023 09:45 PM,0,0,0
7,1,1.0,1,7,0.0,0,1,1575949515273532128,0,1,01/22/2023 09:47 PM,0,7,0
0,1,0.0,1,0,,0,1,1715823818359104470,0,1,01/22/2023 09:45 PM,0,0,0
0,1,0.0,1,0,,0,1,1683527933580884970,0,1,01/22/2023 09:44 PM,0,0,0
0,1,,1,0,,0,1,1674190492950080350,0,1,01/22/2023 09:45 PM,0,0,0
0,1,0.0,1,0,,0,1,1715846700153782638,0,2,01/22/2023 09:46 PM,0,0,0
0,1,,1,0,,0,1,1806753652797948744,0,2,05/01/2023 03:06 PM,0,0,0
0,1,1.0,1,0,0.0,0,1,1674190561669557208,0,2,01/22/2023 09:44 PM,0,0,0
0,1,0.0,1,0,,0,1,1673852326282066544,0,1,01/22/2023 09:46 PM,0,0,0
0,1,0.0,1,0,,0,1,1674190617504132142,0,2,01/22/2023 09:45 PM,0,0,0
0,1,0.0,1,0,,0,1,1806749744377709066,0,2,05/01/2023 02:51 PM,0,0,0
5,1,2.0,1,5,0.0,0,1,1561012883010990646,0,3,05/04/2023 01:30 PM,0,5,0
0,1,0.0,1,0,,0,1,1674190364101061260,0,1,01/22/2023 09:44 PM,0,0,0
0,1,,1,0,,0,1,1806749731492807134,0,2,05/01/2023 02:51 PM,0,0,0
0,1,,1,0,,0,1,1806749757262611014,0,4,05/04/2023 01:03 PM,0,0,0
0,1,0.0,1,0,,0,1,1806753635618079460,0,2,05/01/2023 03:06 PM,0,0,0
0,1,,1,0,,0,1,1677249841009006690,0,1,01/22/2023 09:45 PM,0,0,0
0,1,0.0,1,0,,0,1,1674190183712434506,0,2,01/22/2023 09:46 PM,0,0,0
5,1,0.0,1,5,0.0,0,1,1695780074116615022,0,5,01/22/2023 09:45 PM,0,5,0
0,1,0.0,1,0,,0,1,1594046392398205624,0,9,01/22/2023 09:44 PM,0,0,0
0,1,,1,0,,0,1,1695776985071215288,0,1,01/22/2023 09:44 PM,0,0,0
